r.num,Duration,Epidemic,Rt,
1,279.25,815.00,0.37,
2,208.25,790.00,0.42,
3,4.75,0.00,2.00,
4,255.50,846.00,0.31,
5,274.25,828.00,0.34,
6,3.00,0.00,2.00,
7,263.75,841.00,0.32,
8,237.00,773.00,0.45,
9,202.00,816.00,0.37,
10,240.75,801.00,0.40,
11,213.25,725.00,0.55,
12,0.50,0.00,2.00,
13,21.25,0.00,2.00,
14,287.50,817.00,0.37,
15,13.00,2.00,2.00,
16,211.75,786.00,0.43,
17,295.00,837.00,0.33,
18,223.75,787.00,0.43,
19,5.75,0.00,2.00,
20,4.75,0.00,2.00,
21,249.50,832.00,0.34,
22,5.50,0.00,2.00,
23,281.00,802.00,0.40,
24,0.50,0.00,2.00,
25,275.25,793.00,0.41,
26,305.50,824.00,0.35,
27,237.00,788.00,0.42,
28,299.75,745.00,0.51,
29,0.25,0.00,2.00,
30,234.00,797.00,0.41,
31,225.50,812.00,0.38,
32,3.25,0.00,2.00,
33,5.25,1.00,2.00,
34,223.50,779.00,0.44,
35,1.25,0.00,2.00,
36,7.50,1.00,2.00,
37,258.25,766.00,0.47,
38,14.00,0.00,2.00,
39,307.00,785.00,0.43,
40,230.25,834.00,0.33,
41,256.00,783.00,0.43,
42,1.25,0.00,2.00,
43,285.00,807.00,0.39,
44,225.25,825.00,0.35,
45,4.75,0.00,2.00,
46,300.00,816.00,0.37,
47,361.75,790.00,0.42,
48,7.75,2.00,2.00,
49,4.75,0.00,2.00,
50,263.75,811.00,0.38,
51,219.00,778.00,0.44,
52,225.00,830.00,0.34,
53,279.50,839.00,0.32,
54,257.00,768.00,0.46,
55,0.75,1.00,2.00,
56,8.50,1.00,2.00,
57,273.25,793.00,0.41,
58,0.50,0.00,2.00,
59,262.25,802.00,0.40,
60,241.00,794.00,0.41,
61,1.75,0.00,2.00,
62,4.00,0.00,2.00,
63,236.75,813.00,0.37,
64,6.25,0.00,2.00,
65,200.25,805.00,0.39,
66,10.00,0.00,2.00,
67,7.25,1.00,2.00,
68,25.50,4.00,1.99,
69,25.50,0.00,2.00,
70,2.50,0.00,2.00,
71,276.75,771.00,0.46,
72,1.25,0.00,2.00,
73,6.00,0.00,2.00,
74,7.25,0.00,2.00,
75,1.50,0.00,2.00,
76,17.00,1.00,2.00,
77,253.75,741.00,0.52,
78,2.00,0.00,2.00,
79,297.00,746.00,0.51,
80,3.75,0.00,2.00,
81,240.00,742.00,0.52,
82,14.75,2.00,2.00,
83,7.00,1.00,2.00,
84,1.00,0.00,2.00,
85,250.75,780.00,0.44,
86,55.00,11.00,1.98,
87,184.50,833.00,0.33,
88,285.75,822.00,0.36,
89,13.00,1.00,2.00,
90,250.25,797.00,0.41,
91,6.25,0.00,2.00,
92,9.25,0.00,2.00,
93,15.75,1.00,2.00,
94,236.75,770.00,0.46,
95,10.00,1.00,2.00,
96,208.00,826.00,0.35,
97,12.25,1.00,2.00,
98,6.00,0.00,2.00,
99,315.25,714.00,0.57,
100,337.25,713.00,0.57,
101,9.00,0.00,2.00,
102,1.25,0.00,2.00,
103,1.50,0.00,2.00,
104,234.50,849.00,0.30,
105,212.00,797.00,0.41,
106,307.50,805.00,0.39,
107,321.00,835.00,0.33,
108,289.50,788.00,0.42,
109,4.75,1.00,2.00,
110,299.00,798.00,0.40,
111,1.00,0.00,2.00,
112,244.00,703.00,0.59,
113,13.75,1.00,2.00,
114,216.75,858.00,0.28,
115,184.00,820.00,0.36,
116,281.00,811.00,0.38,
117,298.75,832.00,0.34,
118,239.25,800.00,0.40,
119,11.75,2.00,2.00,
120,286.25,798.00,0.40,
121,15.50,2.00,2.00,
122,12.25,0.00,2.00,
123,7.50,0.00,2.00,
124,238.25,806.00,0.39,
125,2.00,1.00,2.00,
126,3.00,0.00,2.00,
127,206.50,768.00,0.46,
128,1.00,0.00,2.00,
129,226.75,752.00,0.50,
130,258.00,790.00,0.42,
131,234.75,776.00,0.45,
132,288.75,772.00,0.46,
133,277.00,786.00,0.43,
134,24.00,0.00,2.00,
135,237.50,800.00,0.40,
136,2.50,0.00,2.00,
137,32.75,7.00,1.99,
138,354.50,835.00,0.33,
139,43.75,8.00,1.98,
140,263.00,797.00,0.41,
141,13.75,1.00,2.00,
142,1.75,0.00,2.00,
143,258.75,829.00,0.34,
144,4.50,2.00,2.00,
145,223.75,744.00,0.51,
146,3.75,0.00,2.00,
147,3.00,0.00,2.00,
148,266.50,748.00,0.50,
149,253.75,740.00,0.52,
150,225.25,773.00,0.45,
151,12.00,4.00,1.99,
152,286.25,819.00,0.36,
153,223.50,823.00,0.35,
154,3.75,1.00,2.00,
155,15.50,1.00,2.00,
156,6.75,1.00,2.00,
157,215.75,797.00,0.41,
158,217.25,804.00,0.39,
159,241.75,777.00,0.45,
160,266.00,791.00,0.42,
161,218.50,804.00,0.39,
162,12.75,3.00,1.99,
163,292.75,766.00,0.47,
164,257.25,817.00,0.37,
165,295.00,827.00,0.35,
166,211.25,818.00,0.36,
167,5.50,0.00,2.00,
168,4.25,0.00,2.00,
169,5.25,0.00,2.00,
170,31.50,1.00,2.00,
171,291.50,782.00,0.44,
172,42.25,4.00,1.99,
173,242.00,788.00,0.42,
174,282.00,786.00,0.43,
175,277.00,806.00,0.39,
176,19.25,0.00,2.00,
177,294.75,793.00,0.41,
178,248.50,818.00,0.36,
179,18.00,1.00,2.00,
180,1.25,0.00,2.00,
181,297.75,829.00,0.34,
182,238.50,851.00,0.30,
183,16.25,1.00,2.00,
184,13.75,0.00,2.00,
185,239.75,724.00,0.55,
186,0.25,0.00,2.00,
187,205.50,801.00,0.40,
188,21.75,3.00,1.99,
189,298.00,811.00,0.38,
190,25.50,1.00,2.00,
191,9.00,0.00,2.00,
192,44.75,2.00,2.00,
193,13.00,1.00,2.00,
194,4.75,0.00,2.00,
195,204.50,821.00,0.36,
196,7.75,0.00,2.00,
197,235.00,816.00,0.37,
198,272.75,722.00,0.56,
199,224.00,818.00,0.36,
200,275.25,789.00,0.42,
201,5.50,0.00,2.00,
202,4.25,0.00,2.00,
203,203.00,861.00,0.28,
204,275.00,805.00,0.39,
205,16.00,2.00,2.00,
206,31.25,2.00,2.00,
207,6.00,0.00,2.00,
208,218.75,768.00,0.46,
209,15.00,1.00,2.00,
210,14.50,1.00,2.00,
211,0.50,0.00,2.00,
212,10.75,1.00,2.00,
213,340.25,773.00,0.45,
214,187.50,773.00,0.45,
215,35.50,3.00,1.99,
216,0.25,0.00,2.00,
217,1.75,0.00,2.00,
218,302.50,811.00,0.38,
219,216.25,833.00,0.33,
220,212.25,776.00,0.45,
221,2.50,1.00,2.00,
222,226.75,818.00,0.36,
223,271.25,781.00,0.44,
224,9.25,1.00,2.00,
225,285.00,839.00,0.32,
226,4.75,1.00,2.00,
227,28.75,5.00,1.99,
228,16.50,1.00,2.00,
229,221.25,799.00,0.40,
230,10.50,0.00,2.00,
231,0.25,0.00,2.00,
232,206.00,816.00,0.37,
233,19.75,2.00,2.00,
234,265.75,798.00,0.40,
235,338.50,816.00,0.37,
236,253.00,823.00,0.35,
237,2.50,0.00,2.00,
238,259.00,828.00,0.34,
239,208.25,775.00,0.45,
240,275.00,787.00,0.43,
241,311.75,816.00,0.37,
242,246.00,757.00,0.49,
243,327.50,822.00,0.36,
244,254.25,789.00,0.42,
245,201.75,803.00,0.39,
246,193.25,786.00,0.43,
247,238.75,788.00,0.42,
248,253.25,798.00,0.40,
249,245.00,824.00,0.35,
250,5.75,0.00,2.00,
251,202.00,766.00,0.47,
252,276.50,769.00,0.46,
253,293.50,835.00,0.33,
254,11.75,0.00,2.00,
255,8.25,0.00,2.00,
256,2.25,0.00,2.00,
257,11.00,0.00,2.00,
258,240.25,821.00,0.36,
259,4.00,0.00,2.00,
260,4.25,0.00,2.00,
261,183.00,757.00,0.49,
262,4.00,1.00,2.00,
263,192.00,754.00,0.49,
264,281.50,828.00,0.34,
265,218.75,772.00,0.46,
266,235.50,796.00,0.41,
267,283.00,836.00,0.33,
268,316.75,798.00,0.40,
269,229.75,830.00,0.34,
270,3.50,0.00,2.00,
271,221.50,844.00,0.31,
272,251.50,785.00,0.43,
273,0.75,0.00,2.00,
274,5.00,1.00,2.00,
275,279.75,749.00,0.50,
276,153.75,782.00,0.44,
277,235.75,792.00,0.42,
278,247.75,817.00,0.37,
279,228.25,819.00,0.36,
280,3.00,0.00,2.00,
281,245.75,828.00,0.34,
282,2.00,0.00,2.00,
283,242.75,788.00,0.42,
284,1.25,0.00,2.00,
285,0.50,0.00,2.00,
286,295.00,790.00,0.42,
287,203.25,822.00,0.36,
288,272.50,770.00,0.46,
289,323.75,773.00,0.45,
290,259.25,813.00,0.37,
291,0.50,0.00,2.00,
292,26.50,8.00,1.98,
293,2.75,0.00,2.00,
294,245.00,827.00,0.35,
295,31.50,0.00,2.00,
296,245.00,821.00,0.36,
297,20.75,2.00,2.00,
298,10.25,0.00,2.00,
299,266.75,797.00,0.41,
300,9.00,1.00,2.00,
301,277.00,763.00,0.47,
302,279.25,800.00,0.40,
303,1.50,0.00,2.00,
304,262.25,834.00,0.33,
305,19.00,0.00,2.00,
306,208.50,806.00,0.39,
307,342.50,847.00,0.31,
308,342.75,732.00,0.54,
309,11.25,0.00,2.00,
310,242.00,828.00,0.34,
311,1.75,0.00,2.00,
312,211.00,787.00,0.43,
313,251.25,844.00,0.31,
314,1.00,0.00,2.00,
315,15.00,2.00,2.00,
316,230.50,777.00,0.45,
317,22.00,6.00,1.99,
318,17.50,1.00,2.00,
319,237.75,835.00,0.33,
320,0.75,0.00,2.00,
321,1.00,0.00,2.00,
322,5.50,0.00,2.00,
323,19.00,0.00,2.00,
324,11.25,0.00,2.00,
325,6.00,0.00,2.00,
326,247.00,810.00,0.38,
327,2.75,0.00,2.00,
328,16.75,1.00,2.00,
329,2.50,0.00,2.00,
330,233.75,839.00,0.32,
331,11.50,0.00,2.00,
332,7.00,0.00,2.00,
333,327.75,800.00,0.40,
334,329.25,774.00,0.45,
335,242.00,766.00,0.47,
336,3.00,0.00,2.00,
337,5.75,0.00,2.00,
338,0.25,0.00,2.00,
339,9.75,0.00,2.00,
340,239.75,817.00,0.37,
341,12.00,2.00,2.00,
342,24.50,1.00,2.00,
343,5.25,0.00,2.00,
344,0.75,0.00,2.00,
345,211.00,806.00,0.39,
346,211.25,783.00,0.43,
347,224.50,801.00,0.40,
348,24.25,5.00,1.99,
349,68.50,15.00,1.97,
350,193.00,805.00,0.39,
351,192.50,818.00,0.36,
352,21.50,2.00,2.00,
353,226.25,806.00,0.39,
354,296.00,804.00,0.39,
355,200.50,778.00,0.44,
356,261.75,805.00,0.39,
357,286.75,831.00,0.34,
358,6.25,0.00,2.00,
359,275.75,817.00,0.37,
360,288.50,795.00,0.41,
361,42.50,8.00,1.98,
362,179.25,835.00,0.33,
363,42.25,5.00,1.99,
364,31.75,4.00,1.99,
365,0.25,0.00,2.00,
366,6.25,0.00,2.00,
367,38.00,5.00,1.99,
368,239.75,780.00,0.44,
369,0.75,0.00,2.00,
370,0.75,0.00,2.00,
371,211.75,801.00,0.40,
372,252.25,834.00,0.33,
373,298.50,809.00,0.38,
374,75.25,11.00,1.98,
375,262.75,753.00,0.49,
376,2.00,0.00,2.00,
377,238.00,792.00,0.42,
378,229.25,809.00,0.38,
379,263.50,773.00,0.45,
380,193.25,840.00,0.32,
381,164.00,791.00,0.42,
382,5.00,0.00,2.00,
383,226.50,779.00,0.44,
384,22.00,0.00,2.00,
385,212.25,800.00,0.40,
386,188.50,791.00,0.42,
387,235.50,796.00,0.41,
388,28.50,1.00,2.00,
389,33.25,1.00,2.00,
390,17.25,1.00,2.00,
391,1.00,0.00,2.00,
392,4.25,0.00,2.00,
393,46.00,3.00,1.99,
394,2.25,0.00,2.00,
395,220.25,779.00,0.44,
396,3.00,0.00,2.00,
397,4.75,0.00,2.00,
398,3.00,0.00,2.00,
399,213.00,808.00,0.38,
400,249.00,782.00,0.44,
401,234.00,782.00,0.44,
402,228.00,806.00,0.39,
403,0.50,0.00,2.00,
404,2.75,0.00,2.00,
405,19.50,1.00,2.00,
406,3.50,0.00,2.00,
407,1.75,0.00,2.00,
408,0.75,0.00,2.00,
409,15.00,2.00,2.00,
410,8.25,0.00,2.00,
411,240.00,794.00,0.41,
412,10.00,1.00,2.00,
413,284.50,816.00,0.37,
414,0.75,0.00,2.00,
415,262.75,819.00,0.36,
416,225.50,826.00,0.35,
417,238.00,781.00,0.44,
418,5.75,1.00,2.00,
419,221.75,825.00,0.35,
420,48.00,7.00,1.99,
421,354.00,785.00,0.43,
422,278.25,762.00,0.48,
423,2.75,0.00,2.00,
424,236.25,744.00,0.51,
425,0.50,0.00,2.00,
426,180.75,784.00,0.43,
427,0.25,0.00,2.00,
428,303.50,724.00,0.55,
429,33.25,3.00,1.99,
430,7.50,0.00,2.00,
431,298.00,785.00,0.43,
432,69.25,14.00,1.97,
433,43.25,0.00,2.00,
434,342.75,794.00,0.41,
435,3.50,1.00,2.00,
436,216.50,824.00,0.35,
437,49.50,16.00,1.97,
438,22.00,6.00,1.99,
439,29.75,5.00,1.99,
440,277.25,820.00,0.36,
441,6.75,1.00,2.00,
442,10.75,1.00,2.00,
443,236.75,827.00,0.35,
444,232.50,692.00,0.62,
445,0.25,0.00,2.00,
446,2.50,0.00,2.00,
447,256.75,760.00,0.48,
448,21.25,5.00,1.99,
449,3.00,0.00,2.00,
450,3.25,0.00,2.00,
451,6.75,0.00,2.00,
452,278.50,777.00,0.45,
453,18.50,2.00,2.00,
454,321.75,726.00,0.55,
455,227.50,820.00,0.36,
456,194.00,819.00,0.36,
457,1.00,0.00,2.00,
458,217.50,781.00,0.44,
459,3.25,0.00,2.00,
460,12.00,0.00,2.00,
461,301.00,773.00,0.45,
462,303.50,791.00,0.42,
463,279.25,808.00,0.38,
464,313.75,831.00,0.34,
465,220.00,734.00,0.53,
466,9.00,0.00,2.00,
467,2.25,0.00,2.00,
468,24.75,1.00,2.00,
469,282.50,787.00,0.43,
470,5.75,0.00,2.00,
471,252.00,832.00,0.34,
472,329.00,761.00,0.48,
473,317.75,791.00,0.42,
474,1.75,0.00,2.00,
475,21.00,4.00,1.99,
476,92.00,17.00,1.97,
477,1.00,0.00,2.00,
478,342.00,765.00,0.47,
479,7.75,0.00,2.00,
480,260.00,791.00,0.42,
481,1.50,0.00,2.00,
482,251.25,840.00,0.32,
483,1.50,0.00,2.00,
484,7.75,0.00,2.00,
485,279.25,825.00,0.35,
486,105.75,43.00,1.91,
487,16.25,0.00,2.00,
488,11.75,0.00,2.00,
489,38.25,3.00,1.99,
490,0.50,0.00,2.00,
491,251.75,838.00,0.32,
492,36.25,5.00,1.99,
493,1.50,1.00,2.00,
494,204.25,756.00,0.49,
495,13.50,4.00,1.99,
496,239.00,822.00,0.36,
497,234.75,809.00,0.38,
498,243.00,758.00,0.48,
499,2.50,0.00,2.00,
500,2.50,0.00,2.00,
501,0.50,0.00,2.00,
502,282.50,781.00,0.44,
503,7.00,0.00,2.00,
504,12.75,0.00,2.00,
505,217.25,816.00,0.37,
506,254.75,748.00,0.50,
507,8.75,0.00,2.00,
508,5.25,1.00,2.00,
509,2.75,0.00,2.00,
510,248.25,797.00,0.41,
511,6.75,1.00,2.00,
512,311.50,834.00,0.33,
513,202.75,762.00,0.48,
514,29.75,3.00,1.99,
515,13.00,1.00,2.00,
516,269.25,733.00,0.53,
517,253.00,813.00,0.37,
518,231.50,825.00,0.35,
519,5.75,0.00,2.00,
520,276.75,810.00,0.38,
521,255.50,745.00,0.51,
522,6.00,0.00,2.00,
523,272.50,872.00,0.26,
524,322.25,759.00,0.48,
525,260.50,798.00,0.40,
526,12.00,0.00,2.00,
527,29.50,0.00,2.00,
528,243.25,796.00,0.41,
529,217.50,806.00,0.39,
530,13.00,0.00,2.00,
531,241.00,840.00,0.32,
532,279.25,844.00,0.31,
533,9.00,1.00,2.00,
534,38.75,3.00,1.99,
535,17.75,1.00,2.00,
536,196.25,785.00,0.43,
537,334.50,845.00,0.31,
538,5.75,0.00,2.00,
539,266.00,791.00,0.42,
540,219.50,791.00,0.42,
541,254.25,806.00,0.39,
542,7.00,1.00,2.00,
543,8.25,0.00,2.00,
544,16.25,2.00,2.00,
545,12.50,0.00,2.00,
546,1.25,0.00,2.00,
547,322.25,787.00,0.43,
548,2.25,0.00,2.00,
549,14.50,0.00,2.00,
550,351.00,834.00,0.33,
551,5.75,0.00,2.00,
552,9.00,1.00,2.00,
553,59.50,7.00,1.99,
554,6.50,0.00,2.00,
555,283.50,776.00,0.45,
556,10.00,0.00,2.00,
557,3.50,0.00,2.00,
558,267.00,807.00,0.39,
559,25.75,0.00,2.00,
560,269.00,804.00,0.39,
561,12.50,2.00,2.00,
562,234.25,771.00,0.46,
563,268.25,721.00,0.56,
564,22.00,2.00,2.00,
565,0.75,0.00,2.00,
566,309.75,747.00,0.51,
567,248.50,832.00,0.34,
568,269.00,825.00,0.35,
569,9.50,2.00,2.00,
570,25.00,3.00,1.99,
571,18.75,0.00,2.00,
572,215.50,764.00,0.47,
573,1.75,0.00,2.00,
574,3.00,1.00,2.00,
575,193.50,796.00,0.41,
576,223.50,748.00,0.50,
577,233.50,844.00,0.31,
578,1.25,0.00,2.00,
579,223.00,784.00,0.43,
580,1.25,0.00,2.00,
581,1.50,0.00,2.00,
582,4.50,0.00,2.00,
583,1.50,1.00,2.00,
584,8.25,0.00,2.00,
585,213.25,794.00,0.41,
586,3.00,0.00,2.00,
587,212.25,784.00,0.43,
588,280.25,810.00,0.38,
589,5.00,0.00,2.00,
590,22.50,6.00,1.99,
591,218.00,790.00,0.42,
592,320.25,806.00,0.39,
593,4.25,0.00,2.00,
594,311.00,798.00,0.40,
595,7.00,0.00,2.00,
596,274.25,793.00,0.41,
597,3.50,0.00,2.00,
598,259.25,810.00,0.38,
599,205.50,819.00,0.36,
600,6.25,0.00,2.00,
601,197.00,811.00,0.38,
602,27.00,2.00,2.00,
603,222.75,781.00,0.44,
604,195.25,816.00,0.37,
605,242.25,832.00,0.34,
606,327.50,753.00,0.49,
607,198.50,800.00,0.40,
608,4.50,1.00,2.00,
609,4.00,0.00,2.00,
610,8.75,1.00,2.00,
611,18.50,0.00,2.00,
612,7.50,1.00,2.00,
613,1.25,0.00,2.00,
614,323.50,829.00,0.34,
615,255.00,808.00,0.38,
616,279.25,779.00,0.44,
617,254.50,795.00,0.41,
618,205.50,812.00,0.38,
619,236.00,830.00,0.34,
620,1.50,0.00,2.00,
621,266.75,809.00,0.38,
622,188.00,845.00,0.31,
623,1.75,0.00,2.00,
624,276.50,767.00,0.47,
625,6.50,0.00,2.00,
626,335.00,791.00,0.42,
627,2.25,0.00,2.00,
628,304.25,781.00,0.44,
629,267.75,804.00,0.39,
630,347.75,753.00,0.49,
631,56.00,14.00,1.97,
632,296.00,796.00,0.41,
633,11.00,0.00,2.00,
634,238.00,832.00,0.34,
635,9.25,0.00,2.00,
636,241.50,826.00,0.35,
637,4.25,1.00,2.00,
638,272.50,823.00,0.35,
639,210.75,797.00,0.41,
640,229.50,791.00,0.42,
641,3.50,0.00,2.00,
642,3.50,0.00,2.00,
643,0.50,0.00,2.00,
644,242.75,811.00,0.38,
645,219.25,784.00,0.43,
646,226.75,799.00,0.40,
647,6.25,0.00,2.00,
648,261.75,810.00,0.38,
649,29.00,4.00,1.99,
650,1.50,0.00,2.00,
651,2.25,0.00,2.00,
652,14.25,0.00,2.00,
653,241.25,823.00,0.35,
654,262.75,812.00,0.38,
655,16.50,1.00,2.00,
656,239.00,817.00,0.37,
657,202.25,785.00,0.43,
658,264.75,797.00,0.41,
659,236.50,857.00,0.29,
660,13.25,2.00,2.00,
661,245.00,805.00,0.39,
662,218.25,814.00,0.37,
663,193.50,849.00,0.30,
664,6.50,1.00,2.00,
665,291.75,761.00,0.48,
666,3.25,0.00,2.00,
667,5.75,0.00,2.00,
668,231.25,800.00,0.40,
669,15.75,1.00,2.00,
670,252.00,782.00,0.44,
671,268.25,820.00,0.36,
672,271.25,862.00,0.28,
673,13.00,2.00,2.00,
674,232.50,813.00,0.37,
675,230.50,774.00,0.45,
676,230.00,802.00,0.40,
677,206.50,825.00,0.35,
678,195.25,809.00,0.38,
679,5.00,0.00,2.00,
680,5.75,0.00,2.00,
681,45.75,2.00,2.00,
682,302.00,811.00,0.38,
683,30.75,2.00,2.00,
684,8.25,0.00,2.00,
685,4.50,0.00,2.00,
686,4.50,0.00,2.00,
687,215.50,744.00,0.51,
688,118.25,19.00,1.96,
689,313.25,837.00,0.33,
690,24.50,3.00,1.99,
691,3.50,0.00,2.00,
692,19.00,0.00,2.00,
693,300.25,823.00,0.35,
694,232.75,833.00,0.33,
695,0.25,0.00,2.00,
696,11.50,1.00,2.00,
697,23.50,1.00,2.00,
698,5.25,0.00,2.00,
699,224.50,808.00,0.38,
700,2.75,0.00,2.00,
701,213.50,841.00,0.32,
702,288.25,754.00,0.49,
703,5.25,1.00,2.00,
704,0.50,0.00,2.00,
705,203.75,817.00,0.37,
706,281.50,829.00,0.34,
707,29.50,5.00,1.99,
708,9.25,1.00,2.00,
709,2.25,0.00,2.00,
710,293.25,729.00,0.54,
711,274.25,829.00,0.34,
712,1.50,0.00,2.00,
713,0.50,0.00,2.00,
714,252.00,797.00,0.41,
715,5.50,0.00,2.00,
716,205.50,807.00,0.39,
717,2.75,0.00,2.00,
718,222.25,742.00,0.52,
719,266.00,806.00,0.39,
720,8.75,1.00,2.00,
721,17.00,2.00,2.00,
722,48.75,8.00,1.98,
723,224.25,806.00,0.39,
724,238.50,801.00,0.40,
725,2.75,0.00,2.00,
726,24.75,3.00,1.99,
727,3.75,0.00,2.00,
728,269.75,818.00,0.36,
729,1.25,0.00,2.00,
730,255.75,831.00,0.34,
731,286.25,807.00,0.39,
732,8.25,0.00,2.00,
733,13.75,2.00,2.00,
734,267.25,824.00,0.35,
735,9.25,0.00,2.00,
736,1.25,0.00,2.00,
737,11.25,3.00,1.99,
738,1.25,0.00,2.00,
739,199.00,797.00,0.41,
740,229.75,808.00,0.38,
741,371.25,788.00,0.42,
742,2.00,0.00,2.00,
743,228.75,772.00,0.46,
744,11.25,1.00,2.00,
745,223.25,797.00,0.41,
746,0.75,0.00,2.00,
747,2.25,0.00,2.00,
748,268.25,807.00,0.39,
749,6.00,0.00,2.00,
750,4.75,0.00,2.00,
751,283.25,748.00,0.50,
752,0.75,0.00,2.00,
753,278.00,675.00,0.65,
754,227.50,804.00,0.39,
755,217.00,809.00,0.38,
756,291.75,811.00,0.38,
757,265.00,786.00,0.43,
758,1.25,0.00,2.00,
759,254.00,809.00,0.38,
760,249.25,808.00,0.38,
761,3.75,0.00,2.00,
762,204.75,791.00,0.42,
763,322.50,824.00,0.35,
764,181.50,803.00,0.39,
765,0.25,0.00,2.00,
766,2.25,0.00,2.00,
767,3.00,0.00,2.00,
768,247.75,817.00,0.37,
769,3.00,0.00,2.00,
770,6.00,0.00,2.00,
771,232.25,756.00,0.49,
772,234.50,817.00,0.37,
773,273.50,805.00,0.39,
774,266.75,762.00,0.48,
775,4.50,0.00,2.00,
776,224.25,811.00,0.38,
777,202.00,788.00,0.42,
778,5.75,0.00,2.00,
779,0.25,0.00,2.00,
780,13.75,0.00,2.00,
781,6.25,0.00,2.00,
782,5.75,1.00,2.00,
783,261.75,748.00,0.50,
784,333.75,777.00,0.45,
785,15.75,5.00,1.99,
786,20.25,0.00,2.00,
787,35.25,4.00,1.99,
788,225.00,798.00,0.40,
789,0.25,0.00,2.00,
790,252.50,842.00,0.32,
791,255.00,774.00,0.45,
792,307.50,816.00,0.37,
793,1.00,0.00,2.00,
794,22.50,3.00,1.99,
795,0.25,0.00,2.00,
796,250.75,806.00,0.39,
797,216.25,819.00,0.36,
798,231.75,827.00,0.35,
799,3.75,0.00,2.00,
800,1.75,0.00,2.00,
801,244.50,787.00,0.43,
802,13.50,0.00,2.00,
803,237.00,774.00,0.45,
804,17.50,1.00,2.00,
805,6.75,0.00,2.00,
806,257.75,851.00,0.30,
807,280.00,722.00,0.56,
808,288.50,848.00,0.30,
809,218.25,816.00,0.37,
810,243.50,820.00,0.36,
811,228.00,838.00,0.32,
812,5.75,0.00,2.00,
813,230.50,766.00,0.47,
814,217.75,771.00,0.46,
815,3.25,0.00,2.00,
816,232.00,773.00,0.45,
817,213.50,826.00,0.35,
818,278.25,814.00,0.37,
819,246.25,825.00,0.35,
820,209.25,773.00,0.45,
821,218.25,770.00,0.46,
822,2.25,0.00,2.00,
823,283.75,792.00,0.42,
824,233.00,777.00,0.45,
825,283.25,762.00,0.48,
826,314.00,790.00,0.42,
827,26.75,4.00,1.99,
828,233.25,766.00,0.47,
829,236.00,809.00,0.38,
830,215.50,766.00,0.47,
831,296.25,748.00,0.50,
832,220.75,777.00,0.45,
833,1.75,0.00,2.00,
834,8.00,0.00,2.00,
835,3.50,0.00,2.00,
836,252.75,772.00,0.46,
837,10.25,0.00,2.00,
838,272.50,805.00,0.39,
839,217.75,785.00,0.43,
840,5.75,0.00,2.00,
841,283.25,792.00,0.42,
842,223.00,772.00,0.46,
843,4.00,0.00,2.00,
844,215.25,788.00,0.42,
845,279.50,830.00,0.34,
846,1.25,0.00,2.00,
847,289.25,817.00,0.37,
848,241.75,842.00,0.32,
849,7.25,0.00,2.00,
850,11.75,3.00,1.99,
851,4.25,0.00,2.00,
852,1.50,0.00,2.00,
853,11.50,1.00,2.00,
854,0.25,0.00,2.00,
855,11.75,1.00,2.00,
856,1.25,0.00,2.00,
857,1.25,0.00,2.00,
858,13.00,0.00,2.00,
859,265.75,785.00,0.43,
860,5.00,0.00,2.00,
861,11.75,0.00,2.00,
862,223.75,831.00,0.34,
863,7.50,0.00,2.00,
864,271.50,778.00,0.44,
865,264.00,779.00,0.44,
866,34.75,9.00,1.98,
867,235.00,818.00,0.36,
868,8.75,0.00,2.00,
869,240.25,790.00,0.42,
870,250.50,796.00,0.41,
871,402.25,798.00,0.40,
872,16.25,2.00,2.00,
873,261.50,762.00,0.48,
874,10.50,0.00,2.00,
875,11.75,0.00,2.00,
876,210.00,791.00,0.42,
877,208.25,794.00,0.41,
878,232.75,826.00,0.35,
879,225.00,786.00,0.43,
880,223.25,837.00,0.33,
881,4.25,0.00,2.00,
882,230.00,781.00,0.44,
883,21.50,1.00,2.00,
884,2.75,0.00,2.00,
885,0.25,0.00,2.00,
886,15.25,1.00,2.00,
887,303.50,790.00,0.42,
888,238.00,778.00,0.44,
889,1.50,0.00,2.00,
890,239.75,817.00,0.37,
891,3.00,0.00,2.00,
892,31.75,0.00,2.00,
893,237.50,804.00,0.39,
894,1.50,0.00,2.00,
895,4.25,0.00,2.00,
896,276.75,816.00,0.37,
897,0.75,0.00,2.00,
898,10.00,1.00,2.00,
899,237.00,783.00,0.43,
900,15.50,1.00,2.00,
901,228.00,813.00,0.37,
902,13.00,5.00,1.99,
903,237.25,766.00,0.47,
904,7.50,0.00,2.00,
905,5.00,1.00,2.00,
906,2.75,0.00,2.00,
907,6.00,0.00,2.00,
908,258.50,827.00,0.35,
909,2.00,0.00,2.00,
910,239.75,748.00,0.50,
911,325.75,793.00,0.41,
912,4.50,0.00,2.00,
913,209.00,813.00,0.37,
914,227.25,786.00,0.43,
915,279.75,810.00,0.38,
916,30.75,8.00,1.98,
917,25.75,2.00,2.00,
918,264.25,826.00,0.35,
919,269.00,795.00,0.41,
920,270.25,820.00,0.36,
921,234.50,824.00,0.35,
922,189.25,795.00,0.41,
923,6.50,0.00,2.00,
924,6.75,0.00,2.00,
925,10.50,0.00,2.00,
926,252.75,746.00,0.51,
927,18.00,3.00,1.99,
928,3.00,0.00,2.00,
929,12.00,1.00,2.00,
930,18.50,1.00,2.00,
931,14.50,2.00,2.00,
932,0.25,0.00,2.00,
933,262.00,786.00,0.43,
934,268.75,778.00,0.44,
935,247.25,833.00,0.33,
936,232.00,797.00,0.41,
937,201.50,803.00,0.39,
938,8.00,3.00,1.99,
939,288.50,813.00,0.37,
940,203.50,793.00,0.41,
941,1.25,0.00,2.00,
942,209.00,846.00,0.31,
943,196.50,843.00,0.31,
944,211.50,809.00,0.38,
945,226.50,776.00,0.45,
946,203.00,860.00,0.28,
947,4.00,0.00,2.00,
948,0.25,0.00,2.00,
949,215.75,789.00,0.42,
950,250.75,798.00,0.40,
951,2.50,0.00,2.00,
952,15.00,1.00,2.00,
953,236.25,797.00,0.41,
954,23.00,4.00,1.99,
955,37.75,2.00,2.00,
956,210.75,811.00,0.38,
957,258.00,764.00,0.47,
958,12.00,1.00,2.00,
959,35.50,2.00,2.00,
960,290.50,820.00,0.36,
961,209.25,788.00,0.42,
962,187.50,789.00,0.42,
963,291.25,811.00,0.38,
964,273.00,819.00,0.36,
965,222.50,738.00,0.52,
966,243.00,769.00,0.46,
967,264.25,791.00,0.42,
968,25.00,4.00,1.99,
969,307.00,746.00,0.51,
970,278.75,809.00,0.38,
971,319.25,806.00,0.39,
972,19.50,2.00,2.00,
973,2.50,0.00,2.00,
974,12.75,0.00,2.00,
975,287.50,843.00,0.31,
976,278.75,820.00,0.36,
977,5.00,0.00,2.00,
978,14.25,0.00,2.00,
979,0.75,0.00,2.00,
980,3.50,0.00,2.00,
981,4.00,0.00,2.00,
982,236.50,821.00,0.36,
983,6.00,0.00,2.00,
984,246.25,825.00,0.35,
985,316.50,777.00,0.45,
986,198.00,865.00,0.27,
987,227.50,772.00,0.46,
988,202.75,800.00,0.40,
989,298.00,815.00,0.37,
990,268.25,827.00,0.35,
991,232.00,800.00,0.40,
992,3.00,0.00,2.00,
993,259.00,857.00,0.29,
994,3.75,0.00,2.00,
995,276.25,799.00,0.40,
996,6.00,0.00,2.00,
997,300.25,749.00,0.50,
998,5.75,0.00,2.00,
999,10.25,0.00,2.00,
1000,7.00,0.00,2.00,
1001,5.00,0.00,2.00,
1002,1.00,0.00,2.00,
1003,228.75,811.00,0.38,
1004,3.00,0.00,2.00,
1005,0.50,0.00,2.00,
1006,201.75,795.00,0.41,
1007,1.00,0.00,2.00,
1008,340.50,733.00,0.53,
1009,237.50,789.00,0.42,
1010,228.75,827.00,0.35,
1011,245.00,762.00,0.48,
1012,286.75,789.00,0.42,
1013,1.00,0.00,2.00,
1014,256.25,822.00,0.36,
1015,242.25,797.00,0.41,
1016,1.25,0.00,2.00,
1017,3.25,0.00,2.00,
1018,336.50,762.00,0.48,
1019,241.00,850.00,0.30,
1020,11.50,0.00,2.00,
1021,248.00,820.00,0.36,
1022,245.25,803.00,0.39,
1023,249.50,769.00,0.46,
1024,204.50,768.00,0.46,
1025,250.25,808.00,0.38,
1026,223.25,778.00,0.44,
1027,3.75,0.00,2.00,
1028,203.75,740.00,0.52,
1029,245.25,771.00,0.46,
1030,11.00,1.00,2.00,
1031,256.50,809.00,0.38,
1032,40.50,4.00,1.99,
1033,2.25,0.00,2.00,
1034,25.00,2.00,2.00,
1035,287.00,780.00,0.44,
1036,229.50,820.00,0.36,
1037,1.50,0.00,2.00,
1038,241.25,785.00,0.43,
1039,32.25,2.00,2.00,
1040,17.75,6.00,1.99,
1041,263.00,792.00,0.42,
1042,231.75,775.00,0.45,
1043,278.75,851.00,0.30,
1044,2.75,0.00,2.00,
1045,6.75,0.00,2.00,
1046,8.75,0.00,2.00,
1047,249.75,815.00,0.37,
1048,258.50,812.00,0.38,
1049,11.75,0.00,2.00,
1050,248.25,787.00,0.43,
1051,247.75,782.00,0.44,
1052,12.50,2.00,2.00,
1053,236.00,790.00,0.42,
1054,200.75,818.00,0.36,
1055,32.00,6.00,1.99,
1056,12.00,2.00,2.00,
1057,219.75,788.00,0.42,
1058,0.50,0.00,2.00,
1059,222.25,782.00,0.44,
1060,227.50,788.00,0.42,
1061,276.25,768.00,0.46,
1062,22.75,3.00,1.99,
1063,214.50,767.00,0.47,
1064,11.75,0.00,2.00,
1065,242.50,851.00,0.30,
1066,33.25,6.00,1.99,
1067,235.75,769.00,0.46,
1068,275.75,755.00,0.49,
1069,251.25,737.00,0.53,
1070,11.50,0.00,2.00,
1071,3.25,0.00,2.00,
1072,217.50,804.00,0.39,
1073,227.25,757.00,0.49,
1074,378.50,762.00,0.48,
1075,3.75,0.00,2.00,
1076,248.50,827.00,0.35,
1077,13.50,0.00,2.00,
1078,21.25,4.00,1.99,
1079,0.50,0.00,2.00,
1080,230.50,814.00,0.37,
1081,214.25,812.00,0.38,
1082,274.25,825.00,0.35,
1083,29.00,6.00,1.99,
1084,233.00,831.00,0.34,
1085,279.75,816.00,0.37,
1086,9.00,2.00,2.00,
1087,275.25,820.00,0.36,
1088,274.50,801.00,0.40,
1089,12.50,0.00,2.00,
1090,242.00,776.00,0.45,
1091,246.00,811.00,0.38,
1092,233.25,848.00,0.30,
1093,3.75,0.00,2.00,
1094,47.25,9.00,1.98,
1095,0.25,0.00,2.00,
1096,1.75,0.00,2.00,
1097,13.50,0.00,2.00,
1098,304.50,857.00,0.29,
1099,1.75,0.00,2.00,
1100,21.50,4.00,1.99,
1101,4.25,0.00,2.00,
1102,43.25,18.00,1.96,
1103,3.25,0.00,2.00,
1104,10.00,0.00,2.00,
1105,243.00,851.00,0.30,
1106,327.25,787.00,0.43,
1107,7.50,0.00,2.00,
1108,286.25,746.00,0.51,
1109,9.00,1.00,2.00,
1110,11.00,0.00,2.00,
1111,255.25,744.00,0.51,
1112,214.00,744.00,0.51,
1113,182.25,788.00,0.42,
1114,222.50,774.00,0.45,
1115,20.00,1.00,2.00,
1116,276.75,850.00,0.30,
1117,7.50,1.00,2.00,
1118,349.25,763.00,0.47,
1119,291.75,762.00,0.48,
1120,6.75,0.00,2.00,
1121,1.50,0.00,2.00,
1122,2.75,0.00,2.00,
1123,5.50,0.00,2.00,
1124,1.50,0.00,2.00,
1125,220.25,808.00,0.38,
1126,216.25,789.00,0.42,
1127,205.00,816.00,0.37,
1128,243.50,824.00,0.35,
1129,55.75,7.00,1.99,
1130,1.50,0.00,2.00,
1131,240.50,757.00,0.49,
1132,260.50,832.00,0.34,
1133,2.25,0.00,2.00,
1134,6.00,1.00,2.00,
1135,0.50,0.00,2.00,
1136,262.50,820.00,0.36,
1137,268.50,778.00,0.44,
1138,1.75,0.00,2.00,
1139,252.25,814.00,0.37,
1140,0.25,0.00,2.00,
1141,248.00,812.00,0.38,
1142,8.25,1.00,2.00,
1143,219.75,775.00,0.45,
1144,12.00,0.00,2.00,
1145,7.25,0.00,2.00,
1146,9.00,1.00,2.00,
1147,258.00,807.00,0.39,
1148,291.50,810.00,0.38,
1149,272.50,854.00,0.29,
1150,3.50,0.00,2.00,
1151,345.25,783.00,0.43,
1152,217.00,741.00,0.52,
1153,216.25,761.00,0.48,
1154,53.75,6.00,1.99,
1155,241.00,823.00,0.35,
1156,222.75,872.00,0.26,
1157,243.50,796.00,0.41,
1158,1.00,0.00,2.00,
1159,3.00,0.00,2.00,
1160,11.25,2.00,2.00,
1161,317.50,820.00,0.36,
1162,1.25,0.00,2.00,
1163,280.50,760.00,0.48,
1164,12.75,0.00,2.00,
1165,8.75,2.00,2.00,
1166,3.50,0.00,2.00,
1167,289.75,794.00,0.41,
1168,20.25,3.00,1.99,
1169,4.25,1.00,2.00,
1170,1.25,0.00,2.00,
1171,211.75,814.00,0.37,
1172,1.75,0.00,2.00,
1173,264.25,804.00,0.39,
1174,7.25,0.00,2.00,
1175,3.50,0.00,2.00,
1176,21.00,0.00,2.00,
1177,4.75,0.00,2.00,
1178,279.50,879.00,0.24,
1179,219.25,799.00,0.40,
1180,211.50,831.00,0.34,
1181,281.25,759.00,0.48,
1182,2.25,0.00,2.00,
1183,24.25,2.00,2.00,
1184,213.50,807.00,0.39,
1185,14.50,0.00,2.00,
1186,236.00,802.00,0.40,
1187,231.75,801.00,0.40,
1188,13.25,2.00,2.00,
1189,0.50,0.00,2.00,
1190,0.50,0.00,2.00,
1191,8.25,0.00,2.00,
1192,327.50,793.00,0.41,
1193,0.25,0.00,2.00,
1194,2.75,0.00,2.00,
1195,315.50,833.00,0.33,
1196,1.25,0.00,2.00,
1197,13.75,0.00,2.00,
1198,0.25,0.00,2.00,
1199,201.75,823.00,0.35,
1200,10.50,1.00,2.00,
1201,7.50,0.00,2.00,
1202,17.75,0.00,2.00,
1203,3.75,0.00,2.00,
1204,240.00,806.00,0.39,
1205,4.50,0.00,2.00,
1206,1.50,1.00,2.00,
1207,239.75,797.00,0.41,
1208,241.75,829.00,0.34,
1209,270.00,797.00,0.41,
1210,11.75,0.00,2.00,
1211,0.25,0.00,2.00,
1212,33.25,5.00,1.99,
1213,236.50,811.00,0.38,
1214,188.00,805.00,0.39,
1215,271.75,751.00,0.50,
1216,243.25,805.00,0.39,
1217,218.75,762.00,0.48,
1218,235.25,838.00,0.32,
1219,4.50,0.00,2.00,
1220,0.75,0.00,2.00,
1221,60.50,10.00,1.98,
1222,7.50,1.00,2.00,
1223,2.00,0.00,2.00,
1224,3.75,0.00,2.00,
1225,223.75,841.00,0.32,
1226,269.50,815.00,0.37,
1227,191.75,804.00,0.39,
1228,3.00,0.00,2.00,
1229,3.25,0.00,2.00,
1230,40.00,9.00,1.98,
1231,231.00,815.00,0.37,
1232,235.25,746.00,0.51,
1233,233.50,770.00,0.46,
1234,20.00,0.00,2.00,
1235,0.50,0.00,2.00,
1236,225.50,812.00,0.38,
1237,4.50,0.00,2.00,
1238,315.00,808.00,0.38,
1239,239.00,828.00,0.34,
1240,276.75,807.00,0.39,
1241,5.50,0.00,2.00,
1242,0.25,0.00,2.00,
1243,219.75,779.00,0.44,
1244,256.75,811.00,0.38,
1245,46.25,3.00,1.99,
1246,279.25,813.00,0.37,
1247,309.25,799.00,0.40,
1248,198.25,819.00,0.36,
1249,299.25,781.00,0.44,
1250,246.25,780.00,0.44,
1251,235.50,799.00,0.40,
1252,495.25,794.00,0.41,
1253,319.50,772.00,0.46,
1254,1.75,0.00,2.00,
1255,15.50,0.00,2.00,
1256,309.25,820.00,0.36,
1257,6.75,0.00,2.00,
1258,1.25,0.00,2.00,
1259,1.00,0.00,2.00,
1260,252.25,778.00,0.44,
1261,5.25,0.00,2.00,
1262,234.75,771.00,0.46,
1263,250.00,817.00,0.37,
1264,11.00,1.00,2.00,
1265,281.50,785.00,0.43,
1266,203.75,784.00,0.43,
1267,14.50,0.00,2.00,
1268,290.00,804.00,0.39,
1269,8.75,0.00,2.00,
1270,0.25,0.00,2.00,
1271,50.25,4.00,1.99,
1272,4.25,0.00,2.00,
1273,253.25,783.00,0.43,
1274,6.00,0.00,2.00,
1275,5.00,0.00,2.00,
1276,348.50,820.00,0.36,
1277,256.75,829.00,0.34,
1278,300.50,840.00,0.32,
1279,236.00,830.00,0.34,
1280,247.75,806.00,0.39,
1281,201.75,846.00,0.31,
1282,4.25,0.00,2.00,
1283,256.25,811.00,0.38,
1284,5.00,1.00,2.00,
1285,215.75,781.00,0.44,
1286,30.50,3.00,1.99,
1287,359.25,793.00,0.41,
1288,26.50,7.00,1.99,
1289,252.75,839.00,0.32,
1290,252.00,799.00,0.40,
1291,219.25,847.00,0.31,
1292,267.75,790.00,0.42,
1293,1.25,0.00,2.00,
1294,12.00,0.00,2.00,
1295,1.50,0.00,2.00,
1296,229.25,815.00,0.37,
1297,255.00,822.00,0.36,
1298,6.00,0.00,2.00,
1299,6.50,1.00,2.00,
1300,314.00,806.00,0.39,
1301,197.25,803.00,0.39,
1302,4.25,0.00,2.00,
1303,9.25,0.00,2.00,
1304,2.00,0.00,2.00,
1305,2.25,0.00,2.00,
1306,12.25,0.00,2.00,
1307,0.25,0.00,2.00,
1308,4.75,0.00,2.00,
1309,0.25,0.00,2.00,
1310,0.75,0.00,2.00,
1311,239.25,733.00,0.53,
1312,33.25,7.00,1.99,
1313,241.25,799.00,0.40,
1314,255.75,809.00,0.38,
1315,219.25,842.00,0.32,
1316,229.25,759.00,0.48,
1317,0.25,0.00,2.00,
1318,235.00,777.00,0.45,
1319,266.25,837.00,0.33,
1320,257.25,771.00,0.46,
1321,259.75,799.00,0.40,
1322,8.50,0.00,2.00,
1323,212.75,810.00,0.38,
1324,233.75,820.00,0.36,
1325,7.75,0.00,2.00,
1326,10.00,2.00,2.00,
1327,312.50,825.00,0.35,
1328,34.25,4.00,1.99,
1329,0.75,0.00,2.00,
1330,189.50,742.00,0.52,
1331,244.00,836.00,0.33,
1332,29.50,2.00,2.00,
1333,6.50,0.00,2.00,
1334,231.50,791.00,0.42,
1335,191.25,847.00,0.31,
1336,235.00,835.00,0.33,
1337,4.00,0.00,2.00,
1338,8.75,0.00,2.00,
1339,252.50,786.00,0.43,
1340,20.50,2.00,2.00,
1341,328.00,807.00,0.39,
1342,268.50,826.00,0.35,
1343,0.75,0.00,2.00,
1344,210.00,808.00,0.38,
1345,9.75,0.00,2.00,
1346,209.50,821.00,0.36,
1347,20.75,0.00,2.00,
1348,303.75,787.00,0.43,
1349,9.50,0.00,2.00,
1350,337.75,838.00,0.32,
1351,203.50,844.00,0.31,
1352,7.50,1.00,2.00,
1353,292.75,803.00,0.39,
1354,257.25,813.00,0.37,
1355,2.50,0.00,2.00,
1356,194.75,793.00,0.41,
1357,240.25,807.00,0.39,
1358,1.75,0.00,2.00,
1359,295.75,803.00,0.39,
1360,10.50,0.00,2.00,
1361,9.75,0.00,2.00,
1362,2.75,0.00,2.00,
1363,39.50,7.00,1.99,
1364,1.75,0.00,2.00,
1365,255.50,819.00,0.36,
1366,198.50,802.00,0.40,
1367,237.75,811.00,0.38,
1368,264.75,801.00,0.40,
1369,201.25,811.00,0.38,
1370,285.25,775.00,0.45,
1371,25.00,1.00,2.00,
1372,1.75,0.00,2.00,
1373,256.25,765.00,0.47,
1374,231.00,781.00,0.44,
1375,311.75,782.00,0.44,
1376,44.50,3.00,1.99,
1377,8.75,0.00,2.00,
1378,1.75,0.00,2.00,
1379,7.00,0.00,2.00,
1380,262.25,807.00,0.39,
1381,277.00,776.00,0.45,
1382,5.00,0.00,2.00,
1383,1.25,0.00,2.00,
1384,3.00,0.00,2.00,
1385,27.25,1.00,2.00,
1386,211.75,821.00,0.36,
1387,221.50,809.00,0.38,
1388,16.75,1.00,2.00,
1389,251.25,814.00,0.37,
1390,7.25,0.00,2.00,
1391,251.25,756.00,0.49,
1392,8.75,0.00,2.00,
1393,251.00,888.00,0.22,
1394,10.50,3.00,1.99,
1395,218.50,746.00,0.51,
1396,17.25,0.00,2.00,
1397,289.75,776.00,0.45,
1398,234.00,785.00,0.43,
1399,1.00,0.00,2.00,
1400,229.00,801.00,0.40,
1401,16.25,2.00,2.00,
1402,271.00,766.00,0.47,
1403,3.75,0.00,2.00,
1404,0.25,0.00,2.00,
1405,225.50,847.00,0.31,
1406,2.50,0.00,2.00,
1407,6.00,0.00,2.00,
1408,8.75,0.00,2.00,
1409,26.75,9.00,1.98,
1410,340.50,804.00,0.39,
1411,245.00,776.00,0.45,
1412,254.25,709.00,0.58,
1413,206.75,786.00,0.43,
1414,370.25,792.00,0.42,
1415,1.00,0.00,2.00,
1416,5.25,0.00,2.00,
1417,325.00,799.00,0.40,
1418,231.50,785.00,0.43,
1419,336.25,801.00,0.40,
1420,281.75,773.00,0.45,
1421,11.00,0.00,2.00,
1422,4.75,0.00,2.00,
1423,5.00,0.00,2.00,
1424,4.25,0.00,2.00,
1425,217.00,818.00,0.36,
1426,5.25,0.00,2.00,
1427,15.75,1.00,2.00,
1428,337.00,788.00,0.42,
1429,0.25,0.00,2.00,
1430,209.50,794.00,0.41,
1431,12.50,0.00,2.00,
1432,216.50,770.00,0.46,
1433,313.00,823.00,0.35,
1434,227.50,811.00,0.38,
1435,257.00,754.00,0.49,
1436,6.50,0.00,2.00,
1437,291.25,757.00,0.49,
1438,5.75,0.00,2.00,
1439,238.25,777.00,0.45,
1440,218.00,773.00,0.45,
1441,236.75,793.00,0.41,
1442,315.00,829.00,0.34,
1443,31.50,0.00,2.00,
1444,0.50,0.00,2.00,
1445,5.25,0.00,2.00,
1446,22.25,4.00,1.99,
1447,214.25,827.00,0.35,
1448,10.75,0.00,2.00,
1449,233.25,777.00,0.45,
1450,245.00,816.00,0.37,
1451,9.75,0.00,2.00,
1452,2.25,0.00,2.00,
1453,13.50,2.00,2.00,
1454,227.75,810.00,0.38,
1455,36.00,2.00,2.00,
1456,1.25,0.00,2.00,
1457,1.25,0.00,2.00,
1458,0.75,0.00,2.00,
1459,230.00,795.00,0.41,
1460,1.25,0.00,2.00,
1461,264.50,787.00,0.43,
1462,251.25,775.00,0.45,
1463,219.50,819.00,0.36,
1464,1.25,0.00,2.00,
1465,9.00,0.00,2.00,
1466,5.75,0.00,2.00,
1467,32.50,5.00,1.99,
1468,3.75,0.00,2.00,
1469,255.75,764.00,0.47,
1470,297.75,779.00,0.44,
1471,29.25,0.00,2.00,
1472,238.50,782.00,0.44,
1473,282.50,796.00,0.41,
1474,305.00,828.00,0.34,
1475,0.25,0.00,2.00,
1476,232.25,854.00,0.29,
1477,3.00,0.00,2.00,
1478,293.00,806.00,0.39,
1479,241.00,759.00,0.48,
1480,243.50,795.00,0.41,
1481,12.50,0.00,2.00,
1482,304.75,808.00,0.38,
1483,230.75,816.00,0.37,
1484,322.00,755.00,0.49,
1485,203.25,778.00,0.44,
1486,244.25,828.00,0.34,
1487,258.00,749.00,0.50,
1488,3.50,0.00,2.00,
1489,233.00,808.00,0.38,
1490,254.50,811.00,0.38,
1491,327.50,813.00,0.37,
1492,7.50,1.00,2.00,
1493,249.00,787.00,0.43,
1494,2.50,0.00,2.00,
1495,218.00,754.00,0.49,
1496,232.25,736.00,0.53,
1497,273.50,807.00,0.39,
1498,0.25,0.00,2.00,
1499,2.00,0.00,2.00,
1500,233.00,812.00,0.38,
1501,0.75,0.00,2.00,
1502,221.75,760.00,0.48,
1503,13.25,1.00,2.00,
1504,0.25,0.00,2.00,
1505,14.75,0.00,2.00,
1506,0.75,0.00,2.00,
1507,212.00,830.00,0.34,
1508,20.25,2.00,2.00,
1509,267.75,750.00,0.50,
1510,3.50,0.00,2.00,
1511,0.25,0.00,2.00,
1512,268.25,800.00,0.40,
1513,300.50,812.00,0.38,
1514,4.75,0.00,2.00,
1515,0.25,0.00,2.00,
1516,14.50,0.00,2.00,
1517,9.50,2.00,2.00,
1518,0.75,0.00,2.00,
1519,8.25,0.00,2.00,
1520,256.00,769.00,0.46,
1521,244.25,804.00,0.39,
1522,215.00,829.00,0.34,
1523,59.25,9.00,1.98,
1524,9.00,1.00,2.00,
1525,4.50,1.00,2.00,
1526,277.50,813.00,0.37,
1527,4.50,0.00,2.00,
1528,268.50,807.00,0.39,
1529,268.75,764.00,0.47,
1530,216.00,820.00,0.36,
1531,284.75,847.00,0.31,
1532,10.75,0.00,2.00,
1533,11.25,0.00,2.00,
1534,4.25,0.00,2.00,
1535,184.75,818.00,0.36,
1536,256.75,814.00,0.37,
1537,10.50,3.00,1.99,
1538,277.50,845.00,0.31,
1539,42.50,6.00,1.99,
1540,7.75,0.00,2.00,
1541,10.75,0.00,2.00,
1542,28.00,2.00,2.00,
1543,1.25,0.00,2.00,
1544,4.75,1.00,2.00,
1545,219.25,765.00,0.47,
1546,3.25,0.00,2.00,
1547,16.25,3.00,1.99,
1548,46.75,6.00,1.99,
1549,336.75,756.00,0.49,
1550,237.50,780.00,0.44,
1551,50.75,10.00,1.98,
1552,30.75,10.00,1.98,
1553,268.00,749.00,0.50,
1554,249.50,744.00,0.51,
1555,273.75,765.00,0.47,
1556,227.75,763.00,0.47,
1557,177.25,811.00,0.38,
1558,17.50,0.00,2.00,
1559,34.25,4.00,1.99,
1560,14.00,2.00,2.00,
1561,11.75,1.00,2.00,
1562,255.25,783.00,0.43,
1563,235.75,851.00,0.30,
1564,3.50,0.00,2.00,
1565,205.25,829.00,0.34,
1566,1.75,0.00,2.00,
1567,3.50,0.00,2.00,
1568,0.50,0.00,2.00,
1569,245.50,812.00,0.38,
1570,29.00,2.00,2.00,
1571,0.75,0.00,2.00,
1572,6.00,1.00,2.00,
1573,228.25,786.00,0.43,
1574,212.00,784.00,0.43,
1575,206.75,804.00,0.39,
1576,192.50,788.00,0.42,
1577,4.75,0.00,2.00,
1578,228.75,814.00,0.37,
1579,5.25,0.00,2.00,
1580,217.50,769.00,0.46,
1581,233.25,725.00,0.55,
1582,64.25,7.00,1.99,
1583,2.25,0.00,2.00,
1584,287.25,818.00,0.36,
1585,202.00,785.00,0.43,
1586,5.50,1.00,2.00,
1587,300.75,770.00,0.46,
1588,229.00,832.00,0.34,
1589,227.25,786.00,0.43,
1590,242.50,808.00,0.38,
1591,3.25,0.00,2.00,
1592,10.25,0.00,2.00,
1593,242.50,754.00,0.49,
1594,0.75,0.00,2.00,
1595,299.00,779.00,0.44,
1596,0.50,0.00,2.00,
1597,1.25,0.00,2.00,
1598,355.00,779.00,0.44,
1599,5.25,0.00,2.00,
1600,0.25,0.00,2.00,
1601,211.50,861.00,0.28,
1602,221.00,814.00,0.37,
1603,43.25,15.00,1.97,
1604,218.50,768.00,0.46,
1605,307.75,793.00,0.41,
1606,7.25,1.00,2.00,
1607,5.25,0.00,2.00,
1608,251.25,772.00,0.46,
1609,1.00,0.00,2.00,
1610,1.25,0.00,2.00,
1611,31.25,4.00,1.99,
1612,219.00,823.00,0.35,
1613,14.00,1.00,2.00,
1614,4.75,0.00,2.00,
1615,270.25,804.00,0.39,
1616,1.25,0.00,2.00,
1617,242.25,824.00,0.35,
1618,1.00,0.00,2.00,
1619,49.75,6.00,1.99,
1620,253.00,847.00,0.31,
1621,214.50,799.00,0.40,
1622,250.50,791.00,0.42,
1623,4.00,0.00,2.00,
1624,239.00,785.00,0.43,
1625,9.50,1.00,2.00,
1626,235.75,808.00,0.38,
1627,292.50,816.00,0.37,
1628,5.00,1.00,2.00,
1629,344.75,789.00,0.42,
1630,7.50,0.00,2.00,
1631,318.25,866.00,0.27,
1632,275.50,746.00,0.51,
1633,222.00,739.00,0.52,
1634,267.50,821.00,0.36,
1635,267.50,718.00,0.56,
1636,7.75,0.00,2.00,
1637,6.75,0.00,2.00,
1638,258.50,769.00,0.46,
1639,10.75,1.00,2.00,
1640,4.00,0.00,2.00,
1641,311.25,837.00,0.33,
1642,246.25,812.00,0.38,
1643,238.00,817.00,0.37,
1644,290.75,836.00,0.33,
1645,1.00,0.00,2.00,
1646,234.00,780.00,0.44,
1647,221.25,834.00,0.33,
1648,299.75,798.00,0.40,
1649,9.00,0.00,2.00,
1650,6.00,1.00,2.00,
1651,245.50,818.00,0.36,
1652,254.25,803.00,0.39,
1653,3.00,0.00,2.00,
1654,243.50,818.00,0.36,
1655,8.50,0.00,2.00,
1656,329.00,817.00,0.37,
1657,3.25,0.00,2.00,
1658,273.75,785.00,0.43,
1659,307.50,783.00,0.43,
1660,232.00,834.00,0.33,
1661,26.25,3.00,1.99,
1662,12.75,1.00,2.00,
1663,2.50,0.00,2.00,
1664,1.50,0.00,2.00,
1665,0.50,0.00,2.00,
1666,4.50,1.00,2.00,
1667,437.50,817.00,0.37,
1668,6.25,0.00,2.00,
1669,36.00,3.00,1.99,
1670,239.50,795.00,0.41,
1671,239.50,813.00,0.37,
1672,4.25,0.00,2.00,
1673,245.75,813.00,0.37,
1674,7.50,0.00,2.00,
1675,2.25,0.00,2.00,
1676,10.50,1.00,2.00,
1677,0.50,0.00,2.00,
1678,268.25,849.00,0.30,
1679,32.00,3.00,1.99,
1680,1.50,0.00,2.00,
1681,6.25,0.00,2.00,
1682,16.00,2.00,2.00,
1683,248.75,808.00,0.38,
1684,206.50,815.00,0.37,
1685,234.00,783.00,0.43,
1686,264.00,759.00,0.48,
1687,9.50,0.00,2.00,
1688,7.00,0.00,2.00,
1689,206.00,800.00,0.40,
1690,251.75,770.00,0.46,
1691,307.00,802.00,0.40,
1692,7.75,0.00,2.00,
1693,254.25,805.00,0.39,
1694,248.25,807.00,0.39,
1695,325.50,761.00,0.48,
1696,9.50,0.00,2.00,
1697,8.75,0.00,2.00,
1698,7.00,0.00,2.00,
1699,4.50,0.00,2.00,
1700,8.00,0.00,2.00,
1701,278.75,794.00,0.41,
1702,230.00,756.00,0.49,
1703,0.50,0.00,2.00,
1704,12.00,0.00,2.00,
1705,6.50,0.00,2.00,
1706,2.75,0.00,2.00,
1707,23.50,2.00,2.00,
1708,2.75,0.00,2.00,
1709,12.00,1.00,2.00,
1710,0.75,0.00,2.00,
1711,231.25,804.00,0.39,
1712,249.50,793.00,0.41,
1713,3.25,0.00,2.00,
1714,359.50,790.00,0.42,
1715,1.25,0.00,2.00,
1716,247.50,813.00,0.37,
1717,1.25,0.00,2.00,
1718,300.50,827.00,0.35,
1719,250.25,732.00,0.54,
1720,29.00,2.00,2.00,
1721,28.75,1.00,2.00,
1722,234.25,826.00,0.35,
1723,256.75,790.00,0.42,
1724,268.25,817.00,0.37,
1725,234.75,740.00,0.52,
1726,333.25,763.00,0.47,
1727,28.25,4.00,1.99,
1728,3.25,0.00,2.00,
1729,22.75,4.00,1.99,
1730,197.00,788.00,0.42,
1731,242.25,836.00,0.33,
1732,198.50,802.00,0.40,
1733,223.00,805.00,0.39,
1734,17.25,2.00,2.00,
1735,7.75,1.00,2.00,
1736,274.50,794.00,0.41,
1737,31.50,4.00,1.99,
1738,18.00,4.00,1.99,
1739,292.00,701.00,0.60,
1740,1.00,0.00,2.00,
1741,1.00,0.00,2.00,
1742,3.75,0.00,2.00,
1743,201.50,807.00,0.39,
1744,276.75,793.00,0.41,
1745,2.25,1.00,2.00,
1746,263.75,776.00,0.45,
1747,198.00,789.00,0.42,
1748,25.50,3.00,1.99,
1749,12.00,0.00,2.00,
1750,13.75,1.00,2.00,
1751,269.50,807.00,0.39,
1752,305.75,774.00,0.45,
1753,228.25,789.00,0.42,
1754,228.25,825.00,0.35,
1755,232.75,796.00,0.41,
1756,1.25,0.00,2.00,
1757,276.25,813.00,0.37,
1758,40.00,3.00,1.99,
1759,249.25,767.00,0.47,
1760,14.50,2.00,2.00,
1761,228.75,797.00,0.41,
1762,248.50,774.00,0.45,
1763,1.25,0.00,2.00,
1764,215.00,814.00,0.37,
1765,238.25,823.00,0.35,
1766,43.75,6.00,1.99,
1767,224.00,774.00,0.45,
1768,3.00,0.00,2.00,
1769,6.25,0.00,2.00,
1770,30.25,6.00,1.99,
1771,25.00,5.00,1.99,
1772,0.25,0.00,2.00,
1773,336.00,830.00,0.34,
1774,254.25,793.00,0.41,
1775,319.25,798.00,0.40,
1776,11.50,4.00,1.99,
1777,319.00,777.00,0.45,
1778,3.25,0.00,2.00,
1779,31.00,6.00,1.99,
1780,360.00,804.00,0.39,
1781,0.25,0.00,2.00,
1782,285.25,825.00,0.35,
1783,280.50,779.00,0.44,
1784,1.75,0.00,2.00,
1785,219.75,801.00,0.40,
1786,250.00,800.00,0.40,
1787,0.75,0.00,2.00,
1788,3.25,0.00,2.00,
1789,9.00,0.00,2.00,
1790,356.75,750.00,0.50,
1791,17.50,1.00,2.00,
1792,251.75,815.00,0.37,
1793,4.75,0.00,2.00,
1794,18.00,3.00,1.99,
1795,29.25,2.00,2.00,
1796,2.50,0.00,2.00,
1797,238.00,768.00,0.46,
1798,259.50,821.00,0.36,
1799,15.50,0.00,2.00,
1800,0.25,0.00,2.00,
1801,370.50,784.00,0.43,
1802,15.75,1.00,2.00,
1803,263.75,787.00,0.43,
1804,33.00,2.00,2.00,
1805,219.25,833.00,0.33,
1806,5.75,0.00,2.00,
1807,246.25,765.00,0.47,
1808,1.75,0.00,2.00,
1809,212.00,806.00,0.39,
1810,243.50,811.00,0.38,
1811,13.25,2.00,2.00,
1812,3.00,0.00,2.00,
1813,276.50,779.00,0.44,
1814,32.00,2.00,2.00,
1815,278.75,773.00,0.45,
1816,2.50,0.00,2.00,
1817,250.50,809.00,0.38,
1818,0.25,0.00,2.00,
1819,2.25,0.00,2.00,
1820,1.50,0.00,2.00,
1821,1.75,0.00,2.00,
1822,28.25,2.00,2.00,
1823,245.75,765.00,0.47,
1824,28.25,7.00,1.99,
1825,6.25,0.00,2.00,
1826,264.75,838.00,0.32,
1827,248.00,846.00,0.31,
1828,254.75,829.00,0.34,
1829,20.00,4.00,1.99,
1830,0.50,0.00,2.00,
1831,211.25,756.00,0.49,
1832,276.25,783.00,0.43,
1833,11.00,1.00,2.00,
1834,0.50,0.00,2.00,
1835,278.75,812.00,0.38,
1836,249.00,796.00,0.41,
1837,11.25,1.00,2.00,
1838,17.00,1.00,2.00,
1839,197.00,824.00,0.35,
1840,242.50,781.00,0.44,
1841,245.75,817.00,0.37,
1842,1.50,0.00,2.00,
1843,8.00,0.00,2.00,
1844,214.50,826.00,0.35,
1845,7.25,0.00,2.00,
1846,256.25,770.00,0.46,
1847,15.00,1.00,2.00,
1848,1.50,0.00,2.00,
1849,208.50,751.00,0.50,
1850,0.50,0.00,2.00,
1851,235.00,792.00,0.42,
1852,271.00,779.00,0.44,
1853,246.75,820.00,0.36,
1854,230.00,802.00,0.40,
1855,4.50,0.00,2.00,
1856,255.75,778.00,0.44,
1857,275.50,772.00,0.46,
1858,280.75,779.00,0.44,
1859,1.50,0.00,2.00,
1860,288.25,816.00,0.37,
1861,17.75,0.00,2.00,
1862,254.75,796.00,0.41,
1863,24.75,8.00,1.98,
1864,216.00,811.00,0.38,
1865,223.00,776.00,0.45,
1866,203.25,816.00,0.37,
1867,248.00,817.00,0.37,
1868,2.25,0.00,2.00,
1869,198.75,817.00,0.37,
1870,3.25,0.00,2.00,
1871,18.75,1.00,2.00,
1872,289.00,810.00,0.38,
1873,0.75,0.00,2.00,
1874,14.50,0.00,2.00,
1875,235.75,814.00,0.37,
1876,1.25,0.00,2.00,
1877,10.25,1.00,2.00,
1878,257.25,816.00,0.37,
1879,283.50,816.00,0.37,
1880,195.75,815.00,0.37,
1881,287.50,838.00,0.32,
1882,244.00,804.00,0.39,
1883,242.00,825.00,0.35,
1884,253.25,762.00,0.48,
1885,35.00,7.00,1.99,
1886,22.00,2.00,2.00,
1887,284.25,794.00,0.41,
1888,179.50,798.00,0.40,
1889,13.25,1.00,2.00,
1890,272.50,820.00,0.36,
1891,25.00,0.00,2.00,
1892,15.50,1.00,2.00,
1893,278.25,858.00,0.28,
1894,2.75,0.00,2.00,
1895,8.75,0.00,2.00,
1896,37.00,6.00,1.99,
1897,24.00,0.00,2.00,
1898,256.50,829.00,0.34,
1899,237.75,821.00,0.36,
1900,239.00,793.00,0.41,
1901,4.25,1.00,2.00,
1902,7.00,0.00,2.00,
1903,323.00,785.00,0.43,
1904,3.25,0.00,2.00,
1905,215.50,818.00,0.36,
1906,233.50,765.00,0.47,
1907,226.75,812.00,0.38,
1908,219.50,771.00,0.46,
1909,282.25,826.00,0.35,
1910,24.50,2.00,2.00,
1911,22.50,1.00,2.00,
1912,3.75,0.00,2.00,
1913,210.50,784.00,0.43,
1914,9.25,1.00,2.00,
1915,21.75,1.00,2.00,
1916,24.00,6.00,1.99,
1917,198.50,773.00,0.45,
1918,293.00,782.00,0.44,
1919,246.00,778.00,0.44,
1920,290.75,809.00,0.38,
1921,10.25,2.00,2.00,
1922,13.25,4.00,1.99,
1923,5.75,0.00,2.00,
1924,9.00,0.00,2.00,
1925,18.00,3.00,1.99,
1926,1.00,0.00,2.00,
1927,15.75,0.00,2.00,
1928,224.25,832.00,0.34,
1929,15.50,1.00,2.00,
1930,55.75,8.00,1.98,
1931,9.25,2.00,2.00,
1932,306.75,768.00,0.46,
1933,240.25,768.00,0.46,
1934,193.75,863.00,0.27,
1935,275.75,809.00,0.38,
1936,207.00,794.00,0.41,
1937,316.50,807.00,0.39,
1938,9.00,0.00,2.00,
1939,296.00,789.00,0.42,
1940,284.25,811.00,0.38,
1941,0.50,1.00,2.00,
1942,9.25,1.00,2.00,
1943,22.25,1.00,2.00,
1944,12.50,2.00,2.00,
1945,233.25,784.00,0.43,
1946,193.25,800.00,0.40,
1947,240.75,788.00,0.42,
1948,28.50,1.00,2.00,
1949,4.25,0.00,2.00,
1950,22.50,1.00,2.00,
1951,313.75,813.00,0.37,
1952,6.25,1.00,2.00,
1953,1.25,0.00,2.00,
1954,10.50,0.00,2.00,
1955,216.25,791.00,0.42,
1956,246.00,791.00,0.42,
1957,21.50,3.00,1.99,
1958,21.00,2.00,2.00,
1959,232.00,780.00,0.44,
1960,52.00,14.00,1.97,
1961,230.00,814.00,0.37,
1962,35.50,7.00,1.99,
1963,6.75,3.00,1.99,
1964,0.50,0.00,2.00,
1965,3.25,0.00,2.00,
1966,233.25,818.00,0.36,
1967,7.00,0.00,2.00,
1968,4.50,0.00,2.00,
1969,226.50,762.00,0.48,
1970,21.00,4.00,1.99,
1971,22.00,2.00,2.00,
1972,0.25,0.00,2.00,
1973,41.25,7.00,1.99,
1974,210.25,799.00,0.40,
1975,15.75,1.00,2.00,
1976,249.75,780.00,0.44,
1977,2.00,0.00,2.00,
1978,190.50,784.00,0.43,
1979,3.75,0.00,2.00,
1980,297.75,794.00,0.41,
1981,0.25,0.00,2.00,
1982,1.25,0.00,2.00,
1983,19.00,1.00,2.00,
1984,227.75,834.00,0.33,
1985,272.00,825.00,0.35,
1986,349.00,829.00,0.34,
1987,208.25,760.00,0.48,
1988,6.25,0.00,2.00,
1989,185.00,821.00,0.36,
1990,251.25,814.00,0.37,
1991,266.00,752.00,0.50,
1992,282.00,722.00,0.56,
1993,13.50,3.00,1.99,
1994,2.00,0.00,2.00,
1995,245.75,777.00,0.45,
1996,32.25,3.00,1.99,
1997,209.00,793.00,0.41,
1998,227.00,801.00,0.40,
1999,71.00,21.00,1.96,
2000,202.50,817.00,0.37,
2001,241.75,767.00,0.47,
2002,192.50,780.00,0.44,
2003,14.75,1.00,2.00,
2004,261.50,749.00,0.50,
2005,9.75,0.00,2.00,
2006,312.25,784.00,0.43,
2007,35.75,10.00,1.98,
2008,10.00,5.00,1.99,
2009,226.25,802.00,0.40,
2010,8.50,1.00,2.00,
2011,240.75,796.00,0.41,
2012,11.00,0.00,2.00,
2013,4.25,1.00,2.00,
2014,3.00,0.00,2.00,
2015,16.50,2.00,2.00,
2016,1.00,0.00,2.00,
2017,245.25,816.00,0.37,
2018,248.25,848.00,0.30,
2019,252.50,856.00,0.29,
2020,4.00,0.00,2.00,
2021,266.25,814.00,0.37,
2022,263.50,800.00,0.40,
2023,18.75,4.00,1.99,
2024,245.00,769.00,0.46,
2025,21.75,4.00,1.99,
2026,11.25,0.00,2.00,
2027,1.00,0.00,2.00,
2028,16.25,2.00,2.00,
2029,225.25,782.00,0.44,
2030,13.00,2.00,2.00,
2031,1.00,0.00,2.00,
2032,53.75,6.00,1.99,
2033,12.25,1.00,2.00,
2034,5.00,0.00,2.00,
2035,2.75,0.00,2.00,
2036,223.00,827.00,0.35,
2037,368.50,822.00,0.36,
2038,191.25,792.00,0.42,
2039,261.00,787.00,0.43,
2040,290.50,829.00,0.34,
2041,18.00,2.00,2.00,
2042,277.00,813.00,0.37,
2043,248.50,816.00,0.37,
2044,255.50,812.00,0.38,
2045,52.00,9.00,1.98,
2046,18.75,0.00,2.00,
2047,2.00,0.00,2.00,
2048,5.50,0.00,2.00,
2049,301.75,810.00,0.38,
2050,8.50,2.00,2.00,
2051,260.25,785.00,0.43,
2052,8.00,0.00,2.00,
2053,269.50,807.00,0.39,
2054,215.00,778.00,0.44,
2055,7.00,1.00,2.00,
2056,13.25,0.00,2.00,
2057,263.75,790.00,0.42,
2058,185.75,825.00,0.35,
2059,29.75,4.00,1.99,
2060,1.25,0.00,2.00,
2061,13.50,0.00,2.00,
2062,12.50,1.00,2.00,
2063,3.75,0.00,2.00,
2064,276.00,811.00,0.38,
2065,5.25,0.00,2.00,
2066,302.25,731.00,0.54,
2067,18.25,3.00,1.99,
2068,220.50,744.00,0.51,
2069,39.00,6.00,1.99,
2070,261.25,786.00,0.43,
2071,341.50,844.00,0.31,
2072,275.50,805.00,0.39,
2073,238.75,782.00,0.44,
2074,296.50,827.00,0.35,
2075,21.50,1.00,2.00,
2076,69.25,16.00,1.97,
2077,236.25,819.00,0.36,
2078,195.25,790.00,0.42,
2079,348.50,770.00,0.46,
2080,0.25,0.00,2.00,
2081,2.50,0.00,2.00,
2082,24.00,1.00,2.00,
2083,224.00,814.00,0.37,
2084,257.50,834.00,0.33,
2085,0.50,0.00,2.00,
2086,251.25,792.00,0.42,
2087,10.25,0.00,2.00,
2088,4.50,0.00,2.00,
2089,316.50,748.00,0.50,
2090,1.25,0.00,2.00,
2091,241.75,844.00,0.31,
2092,255.25,818.00,0.36,
2093,313.50,829.00,0.34,
2094,8.75,0.00,2.00,
2095,199.75,845.00,0.31,
2096,248.75,843.00,0.31,
2097,204.75,815.00,0.37,
2098,16.50,1.00,2.00,
2099,227.75,796.00,0.41,
2100,241.25,801.00,0.40,
2101,250.50,776.00,0.45,
2102,4.50,0.00,2.00,
2103,8.25,0.00,2.00,
2104,347.25,786.00,0.43,
2105,309.50,795.00,0.41,
2106,223.50,771.00,0.46,
2107,229.00,833.00,0.33,
2108,1.00,0.00,2.00,
2109,291.25,776.00,0.45,
2110,0.50,0.00,2.00,
2111,277.50,804.00,0.39,
2112,219.75,811.00,0.38,
2113,293.75,805.00,0.39,
2114,213.75,811.00,0.38,
2115,0.50,0.00,2.00,
2116,294.75,752.00,0.50,
2117,248.75,837.00,0.33,
2118,221.75,839.00,0.32,
2119,278.00,815.00,0.37,
2120,238.25,808.00,0.38,
2121,256.00,835.00,0.33,
2122,215.50,791.00,0.42,
2123,292.75,830.00,0.34,
2124,2.50,0.00,2.00,
2125,33.25,9.00,1.98,
2126,331.25,825.00,0.35,
2127,1.25,0.00,2.00,
2128,273.00,824.00,0.35,
2129,292.75,774.00,0.45,
2130,264.25,803.00,0.39,
2131,13.75,0.00,2.00,
2132,299.75,843.00,0.31,
2133,14.50,1.00,2.00,
2134,233.75,776.00,0.45,
2135,6.50,0.00,2.00,
2136,6.25,0.00,2.00,
2137,16.25,0.00,2.00,
2138,10.00,2.00,2.00,
2139,201.75,799.00,0.40,
2140,7.50,1.00,2.00,
2141,6.50,0.00,2.00,
2142,274.25,852.00,0.30,
2143,232.00,811.00,0.38,
2144,6.00,1.00,2.00,
2145,60.25,3.00,1.99,
2146,202.00,729.00,0.54,
2147,201.50,793.00,0.41,
2148,1.75,0.00,2.00,
2149,227.75,810.00,0.38,
2150,1.75,0.00,2.00,
2151,32.50,1.00,2.00,
2152,249.00,758.00,0.48,
2153,246.75,822.00,0.36,
2154,26.75,4.00,1.99,
2155,190.50,782.00,0.44,
2156,239.25,805.00,0.39,
2157,17.25,0.00,2.00,
2158,52.25,11.00,1.98,
2159,3.25,0.00,2.00,
2160,226.00,818.00,0.36,
2161,1.75,0.00,2.00,
2162,335.00,847.00,0.31,
2163,7.75,0.00,2.00,
2164,8.25,1.00,2.00,
2165,7.50,0.00,2.00,
2166,1.50,0.00,2.00,
2167,285.75,783.00,0.43,
2168,4.75,0.00,2.00,
2169,363.25,822.00,0.36,
2170,284.25,828.00,0.34,
2171,6.75,0.00,2.00,
2172,174.50,790.00,0.42,
2173,25.00,3.00,1.99,
2174,235.00,827.00,0.35,
2175,225.75,746.00,0.51,
2176,211.50,831.00,0.34,
2177,222.75,784.00,0.43,
2178,302.50,761.00,0.48,
2179,10.00,1.00,2.00,
2180,184.25,794.00,0.41,
2181,188.75,753.00,0.49,
2182,34.25,5.00,1.99,
2183,17.50,2.00,2.00,
2184,216.25,770.00,0.46,
2185,26.75,3.00,1.99,
2186,218.50,801.00,0.40,
2187,12.50,1.00,2.00,
2188,1.25,0.00,2.00,
2189,20.75,0.00,2.00,
2190,229.50,805.00,0.39,
2191,20.00,2.00,2.00,
2192,34.50,7.00,1.99,
2193,64.75,19.00,1.96,
2194,14.25,3.00,1.99,
2195,1.50,0.00,2.00,
2196,274.00,792.00,0.42,
2197,279.00,755.00,0.49,
2198,11.75,0.00,2.00,
2199,13.75,2.00,2.00,
2200,14.25,2.00,2.00,
2201,34.25,3.00,1.99,
2202,15.50,1.00,2.00,
2203,6.25,0.00,2.00,
2204,7.50,0.00,2.00,
2205,59.25,16.00,1.97,
2206,1.00,0.00,2.00,
2207,300.50,837.00,0.33,
2208,39.25,4.00,1.99,
2209,298.25,783.00,0.43,
2210,193.50,816.00,0.37,
2211,7.00,2.00,2.00,
2212,209.25,833.00,0.33,
2213,26.75,10.00,1.98,
2214,1.00,0.00,2.00,
2215,2.75,0.00,2.00,
2216,2.00,0.00,2.00,
2217,207.25,812.00,0.38,
2218,2.00,0.00,2.00,
2219,48.50,5.00,1.99,
2220,11.00,0.00,2.00,
2221,35.25,1.00,2.00,
2222,215.75,786.00,0.43,
2223,1.75,0.00,2.00,
2224,365.25,819.00,0.36,
2225,0.25,0.00,2.00,
2226,246.75,822.00,0.36,
2227,308.75,756.00,0.49,
2228,0.25,0.00,2.00,
2229,281.00,825.00,0.35,
2230,241.00,743.00,0.51,
2231,359.75,774.00,0.45,
2232,275.00,794.00,0.41,
2233,2.00,0.00,2.00,
2234,261.25,838.00,0.32,
2235,251.00,814.00,0.37,
2236,220.75,813.00,0.37,
2237,255.25,811.00,0.38,
2238,187.00,812.00,0.38,
2239,20.25,3.00,1.99,
2240,17.50,4.00,1.99,
2241,14.25,0.00,2.00,
2242,268.50,790.00,0.42,
2243,278.25,789.00,0.42,
2244,4.75,1.00,2.00,
2245,319.50,756.00,0.49,
2246,3.75,0.00,2.00,
2247,217.75,747.00,0.51,
2248,223.50,790.00,0.42,
2249,301.75,835.00,0.33,
2250,302.25,797.00,0.41,
2251,246.50,815.00,0.37,
2252,12.25,2.00,2.00,
2253,1.00,0.00,2.00,
2254,225.25,824.00,0.35,
2255,264.75,795.00,0.41,
2256,2.75,1.00,2.00,
2257,263.25,817.00,0.37,
2258,6.50,0.00,2.00,
2259,23.50,1.00,2.00,
2260,192.50,809.00,0.38,
2261,352.00,803.00,0.39,
2262,62.25,12.00,1.98,
2263,11.25,0.00,2.00,
2264,288.50,853.00,0.29,
2265,250.00,802.00,0.40,
2266,25.50,7.00,1.99,
2267,259.25,747.00,0.51,
2268,0.50,0.00,2.00,
2269,300.75,783.00,0.43,
2270,1.50,0.00,2.00,
2271,4.75,0.00,2.00,
2272,205.25,845.00,0.31,
2273,1.00,0.00,2.00,
2274,3.50,0.00,2.00,
2275,8.00,0.00,2.00,
2276,237.00,813.00,0.37,
2277,2.00,0.00,2.00,
2278,181.25,800.00,0.40,
2279,4.50,0.00,2.00,
2280,0.50,0.00,2.00,
2281,236.00,811.00,0.38,
2282,221.75,771.00,0.46,
2283,2.25,0.00,2.00,
2284,231.75,830.00,0.34,
2285,211.25,741.00,0.52,
2286,34.25,4.00,1.99,
2287,6.00,0.00,2.00,
2288,0.75,0.00,2.00,
2289,198.75,796.00,0.41,
2290,294.50,794.00,0.41,
2291,0.50,0.00,2.00,
2292,367.25,790.00,0.42,
2293,11.00,0.00,2.00,
2294,275.50,832.00,0.34,
2295,1.25,0.00,2.00,
2296,310.25,740.00,0.52,
2297,6.50,1.00,2.00,
2298,218.25,795.00,0.41,
2299,13.00,0.00,2.00,
2300,11.50,0.00,2.00,
2301,4.25,0.00,2.00,
2302,0.25,0.00,2.00,
2303,244.25,790.00,0.42,
2304,250.00,836.00,0.33,
2305,7.75,0.00,2.00,
2306,243.75,805.00,0.39,
2307,12.50,1.00,2.00,
2308,288.00,787.00,0.43,
2309,210.75,789.00,0.42,
2310,268.25,817.00,0.37,
2311,273.25,767.00,0.47,
2312,22.00,3.00,1.99,
2313,315.25,794.00,0.41,
2314,224.25,778.00,0.44,
2315,3.75,0.00,2.00,
2316,236.00,832.00,0.34,
2317,12.25,1.00,2.00,
2318,1.25,0.00,2.00,
2319,21.75,4.00,1.99,
2320,7.25,0.00,2.00,
2321,5.75,0.00,2.00,
2322,7.50,1.00,2.00,
2323,302.75,771.00,0.46,
2324,1.00,0.00,2.00,
2325,9.00,0.00,2.00,
2326,205.25,835.00,0.33,
2327,232.75,759.00,0.48,
2328,252.00,761.00,0.48,
2329,4.75,0.00,2.00,
2330,260.00,789.00,0.42,
2331,1.00,0.00,2.00,
2332,316.00,844.00,0.31,
2333,197.00,803.00,0.39,
2334,249.50,756.00,0.49,
2335,4.00,0.00,2.00,
2336,25.25,2.00,2.00,
2337,273.75,767.00,0.47,
2338,8.75,1.00,2.00,
2339,29.75,7.00,1.99,
2340,240.75,755.00,0.49,
2341,237.00,774.00,0.45,
2342,248.75,864.00,0.27,
2343,11.75,1.00,2.00,
2344,63.75,4.00,1.99,
2345,258.25,824.00,0.35,
2346,0.25,0.00,2.00,
2347,4.00,1.00,2.00,
2348,1.00,0.00,2.00,
2349,278.50,779.00,0.44,
2350,231.25,794.00,0.41,
2351,11.50,0.00,2.00,
2352,4.75,0.00,2.00,
2353,244.00,756.00,0.49,
2354,223.00,855.00,0.29,
2355,221.50,796.00,0.41,
2356,178.50,813.00,0.37,
2357,48.75,1.00,2.00,
2358,278.25,810.00,0.38,
2359,10.25,2.00,2.00,
2360,3.75,0.00,2.00,
2361,5.75,0.00,2.00,
2362,6.00,0.00,2.00,
2363,1.75,0.00,2.00,
2364,1.75,0.00,2.00,
2365,244.00,762.00,0.48,
2366,305.00,759.00,0.48,
2367,13.50,1.00,2.00,
2368,247.50,795.00,0.41,
2369,291.00,779.00,0.44,
2370,253.00,859.00,0.28,
2371,14.25,2.00,2.00,
2372,260.00,763.00,0.47,
2373,231.25,760.00,0.48,
2374,1.25,0.00,2.00,
2375,228.25,796.00,0.41,
2376,365.50,785.00,0.43,
2377,216.25,797.00,0.41,
2378,1.00,0.00,2.00,
2379,0.75,0.00,2.00,
2380,218.25,788.00,0.42,
2381,313.00,753.00,0.49,
2382,2.00,0.00,2.00,
2383,253.00,827.00,0.35,
2384,366.50,784.00,0.43,
2385,226.00,799.00,0.40,
2386,7.00,1.00,2.00,
2387,7.25,0.00,2.00,
2388,2.25,0.00,2.00,
2389,10.00,0.00,2.00,
2390,63.75,11.00,1.98,
2391,15.75,2.00,2.00,
2392,199.50,769.00,0.46,
2393,265.25,857.00,0.29,
2394,16.25,1.00,2.00,
2395,0.50,0.00,2.00,
2396,5.00,0.00,2.00,
2397,250.25,795.00,0.41,
2398,232.25,826.00,0.35,
2399,221.00,820.00,0.36,
2400,235.50,770.00,0.46,
2401,7.25,2.00,2.00,
2402,9.50,0.00,2.00,
2403,231.75,823.00,0.35,
2404,284.25,843.00,0.31,
2405,5.75,0.00,2.00,
2406,234.00,782.00,0.44,
2407,2.00,0.00,2.00,
2408,13.00,2.00,2.00,
2409,264.50,803.00,0.39,
2410,196.75,795.00,0.41,
2411,217.50,820.00,0.36,
2412,213.00,816.00,0.37,
2413,0.75,0.00,2.00,
2414,1.75,0.00,2.00,
2415,10.00,1.00,2.00,
2416,8.00,0.00,2.00,
2417,368.25,803.00,0.39,
2418,0.75,0.00,2.00,
2419,234.50,790.00,0.42,
2420,289.50,857.00,0.29,
2421,9.25,0.00,2.00,
2422,185.00,770.00,0.46,
2423,14.25,1.00,2.00,
2424,14.00,2.00,2.00,
2425,1.00,0.00,2.00,
2426,216.50,831.00,0.34,
2427,2.00,0.00,2.00,
2428,302.25,784.00,0.43,
2429,3.00,0.00,2.00,
2430,209.00,755.00,0.49,
2431,3.25,0.00,2.00,
2432,257.75,807.00,0.39,
2433,2.25,0.00,2.00,
2434,282.00,808.00,0.38,
2435,7.25,0.00,2.00,
2436,339.75,738.00,0.52,
2437,0.25,0.00,2.00,
2438,292.00,782.00,0.44,
2439,363.75,798.00,0.40,
2440,6.50,1.00,2.00,
2441,4.75,0.00,2.00,
2442,210.50,789.00,0.42,
2443,281.00,795.00,0.41,
2444,245.75,816.00,0.37,
2445,7.75,1.00,2.00,
2446,266.50,726.00,0.55,
2447,1.25,0.00,2.00,
2448,7.50,0.00,2.00,
2449,258.75,825.00,0.35,
2450,322.25,729.00,0.54,
2451,202.00,842.00,0.32,
2452,262.25,756.00,0.49,
2453,2.00,0.00,2.00,
2454,233.00,784.00,0.43,
2455,0.50,0.00,2.00,
2456,15.00,1.00,2.00,
2457,25.25,7.00,1.99,
2458,234.50,757.00,0.49,
2459,3.75,0.00,2.00,
2460,1.00,0.00,2.00,
2461,262.00,870.00,0.26,
2462,233.00,802.00,0.40,
2463,26.50,2.00,2.00,
2464,23.25,2.00,2.00,
2465,280.75,782.00,0.44,
2466,303.50,814.00,0.37,
2467,3.75,0.00,2.00,
2468,260.50,826.00,0.35,
2469,285.25,792.00,0.42,
2470,2.00,0.00,2.00,
2471,1.25,0.00,2.00,
2472,227.00,821.00,0.36,
2473,281.00,787.00,0.43,
2474,14.25,1.00,2.00,
2475,2.25,0.00,2.00,
2476,2.25,0.00,2.00,
2477,7.25,1.00,2.00,
2478,52.00,7.00,1.99,
2479,8.00,1.00,2.00,
2480,294.25,748.00,0.50,
2481,266.50,820.00,0.36,
2482,14.50,1.00,2.00,
2483,282.00,819.00,0.36,
2484,245.00,804.00,0.39,
2485,194.75,810.00,0.38,
2486,1.75,0.00,2.00,
2487,200.00,815.00,0.37,
2488,262.00,781.00,0.44,
2489,213.25,864.00,0.27,
2490,19.00,3.00,1.99,
2491,0.25,0.00,2.00,
2492,233.25,818.00,0.36,
2493,3.00,0.00,2.00,
2494,4.75,0.00,2.00,
2495,288.50,744.00,0.51,
2496,11.00,3.00,1.99,
2497,1.00,0.00,2.00,
2498,280.00,806.00,0.39,
2499,15.00,2.00,2.00,
2500,7.25,0.00,2.00,
2501,250.25,820.00,0.36,
2502,1.00,0.00,2.00,
2503,4.00,0.00,2.00,
2504,11.75,0.00,2.00,
2505,305.00,812.00,0.38,
2506,28.00,10.00,1.98,
2507,1.50,0.00,2.00,
2508,12.00,1.00,2.00,
2509,343.00,783.00,0.43,
2510,0.50,0.00,2.00,
2511,203.50,807.00,0.39,
2512,7.00,1.00,2.00,
2513,226.50,814.00,0.37,
2514,202.25,770.00,0.46,
2515,7.75,1.00,2.00,
2516,5.00,0.00,2.00,
2517,7.25,0.00,2.00,
2518,10.75,1.00,2.00,
2519,45.00,6.00,1.99,
2520,263.75,803.00,0.39,
2521,225.75,832.00,0.34,
2522,2.25,0.00,2.00,
2523,9.50,1.00,2.00,
2524,219.50,782.00,0.44,
2525,4.25,0.00,2.00,
2526,19.00,1.00,2.00,
2527,352.50,825.00,0.35,
2528,255.25,819.00,0.36,
2529,203.25,763.00,0.47,
2530,261.25,747.00,0.51,
2531,267.00,813.00,0.37,
2532,215.50,837.00,0.33,
2533,298.75,761.00,0.48,
2534,14.75,0.00,2.00,
2535,316.25,814.00,0.37,
2536,290.50,797.00,0.41,
2537,15.00,1.00,2.00,
2538,10.75,1.00,2.00,
2539,283.50,797.00,0.41,
2540,269.75,772.00,0.46,
2541,229.50,791.00,0.42,
2542,4.00,0.00,2.00,
2543,1.50,0.00,2.00,
2544,26.25,4.00,1.99,
2545,277.00,781.00,0.44,
2546,38.50,10.00,1.98,
2547,1.25,0.00,2.00,
2548,243.00,779.00,0.44,
2549,233.00,795.00,0.41,
2550,282.25,794.00,0.41,
2551,7.00,0.00,2.00,
2552,11.00,2.00,2.00,
2553,260.25,835.00,0.33,
2554,265.50,790.00,0.42,
2555,249.00,809.00,0.38,
2556,1.50,0.00,2.00,
2557,348.75,795.00,0.41,
2558,14.75,2.00,2.00,
2559,12.25,0.00,2.00,
2560,40.25,5.00,1.99,
2561,222.50,832.00,0.34,
2562,232.75,787.00,0.43,
2563,1.75,0.00,2.00,
2564,299.50,762.00,0.48,
2565,225.25,833.00,0.33,
2566,221.25,825.00,0.35,
2567,250.75,813.00,0.37,
2568,295.75,810.00,0.38,
2569,2.50,0.00,2.00,
2570,3.25,0.00,2.00,
2571,282.00,845.00,0.31,
2572,282.25,770.00,0.46,
2573,41.00,6.00,1.99,
2574,18.75,1.00,2.00,
2575,19.75,6.00,1.99,
2576,2.75,0.00,2.00,
2577,3.75,1.00,2.00,
2578,254.50,779.00,0.44,
2579,18.75,1.00,2.00,
2580,14.75,0.00,2.00,
2581,279.00,716.00,0.57,
2582,21.75,3.00,1.99,
2583,1.25,0.00,2.00,
2584,10.50,0.00,2.00,
2585,261.50,845.00,0.31,
2586,276.50,769.00,0.46,
2587,18.50,1.00,2.00,
2588,323.50,785.00,0.43,
2589,4.25,0.00,2.00,
2590,1.00,0.00,2.00,
2591,15.25,0.00,2.00,
2592,188.50,773.00,0.45,
2593,21.25,3.00,1.99,
2594,10.50,0.00,2.00,
2595,283.25,755.00,0.49,
2596,8.25,0.00,2.00,
2597,238.50,777.00,0.45,
2598,206.75,787.00,0.43,
2599,234.00,806.00,0.39,
2600,8.00,0.00,2.00,
2601,15.00,2.00,2.00,
2602,35.50,12.00,1.98,
2603,234.25,817.00,0.37,
2604,274.50,819.00,0.36,
2605,263.25,818.00,0.36,
2606,224.75,755.00,0.49,
2607,7.00,0.00,2.00,
2608,190.50,746.00,0.51,
2609,252.25,790.00,0.42,
2610,226.25,757.00,0.49,
2611,3.25,0.00,2.00,
2612,257.00,754.00,0.49,
2613,213.75,845.00,0.31,
2614,272.00,814.00,0.37,
2615,219.50,792.00,0.42,
2616,244.50,815.00,0.37,
2617,261.50,817.00,0.37,
2618,236.75,830.00,0.34,
2619,2.25,0.00,2.00,
2620,11.50,1.00,2.00,
2621,311.75,768.00,0.46,
2622,187.50,836.00,0.33,
2623,254.75,760.00,0.48,
2624,253.00,781.00,0.44,
2625,245.75,832.00,0.34,
2626,14.50,0.00,2.00,
2627,287.00,798.00,0.40,
2628,236.00,808.00,0.38,
2629,207.25,790.00,0.42,
2630,282.00,759.00,0.48,
2631,201.25,784.00,0.43,
2632,0.50,0.00,2.00,
2633,232.00,790.00,0.42,
2634,10.00,1.00,2.00,
2635,9.25,0.00,2.00,
2636,6.00,0.00,2.00,
2637,28.00,0.00,2.00,
2638,19.25,1.00,2.00,
2639,11.50,0.00,2.00,
2640,18.25,2.00,2.00,
2641,4.50,0.00,2.00,
2642,266.25,811.00,0.38,
2643,18.75,1.00,2.00,
2644,5.75,0.00,2.00,
2645,5.75,0.00,2.00,
2646,239.75,828.00,0.34,
2647,10.00,1.00,2.00,
2648,1.25,0.00,2.00,
2649,332.50,771.00,0.46,
2650,3.25,0.00,2.00,
2651,6.25,0.00,2.00,
2652,19.25,2.00,2.00,
2653,272.00,852.00,0.30,
2654,288.25,768.00,0.46,
2655,275.25,780.00,0.44,
2656,269.25,815.00,0.37,
2657,0.25,0.00,2.00,
2658,274.75,836.00,0.33,
2659,297.00,788.00,0.42,
2660,221.75,796.00,0.41,
2661,266.25,836.00,0.33,
2662,204.00,780.00,0.44,
2663,255.25,794.00,0.41,
2664,6.00,0.00,2.00,
2665,0.25,0.00,2.00,
2666,1.25,0.00,2.00,
2667,337.50,732.00,0.54,
2668,217.25,773.00,0.45,
2669,6.00,1.00,2.00,
2670,5.25,0.00,2.00,
2671,5.00,0.00,2.00,
2672,20.50,1.00,2.00,
2673,218.00,776.00,0.45,
2674,6.50,0.00,2.00,
2675,337.75,843.00,0.31,
2676,195.25,806.00,0.39,
2677,13.75,1.00,2.00,
2678,226.00,837.00,0.33,
2679,12.00,2.00,2.00,
2680,216.00,798.00,0.40,
2681,28.50,17.00,1.97,
2682,0.75,0.00,2.00,
2683,4.50,0.00,2.00,
2684,5.25,1.00,2.00,
2685,290.75,811.00,0.38,
2686,223.00,771.00,0.46,
2687,17.25,2.00,2.00,
2688,233.00,804.00,0.39,
2689,10.75,1.00,2.00,
2690,5.50,1.00,2.00,
2691,2.00,0.00,2.00,
2692,198.25,800.00,0.40,
2693,14.25,1.00,2.00,
2694,5.50,0.00,2.00,
2695,216.50,812.00,0.38,
2696,262.00,802.00,0.40,
2697,4.25,0.00,2.00,
2698,229.50,836.00,0.33,
2699,12.00,1.00,2.00,
2700,20.00,1.00,2.00,
2701,23.50,3.00,1.99,
2702,3.50,0.00,2.00,
2703,219.50,807.00,0.39,
2704,5.00,0.00,2.00,
2705,263.25,764.00,0.47,
2706,288.50,760.00,0.48,
2707,206.50,806.00,0.39,
2708,1.50,0.00,2.00,
2709,21.50,1.00,2.00,
2710,18.25,2.00,2.00,
2711,278.00,811.00,0.38,
2712,211.00,802.00,0.40,
2713,25.75,4.00,1.99,
2714,28.00,1.00,2.00,
2715,325.50,816.00,0.37,
2716,222.75,834.00,0.33,
2717,218.50,816.00,0.37,
2718,253.00,752.00,0.50,
2719,17.75,1.00,2.00,
2720,267.25,777.00,0.45,
2721,13.25,0.00,2.00,
2722,277.00,830.00,0.34,
2723,2.50,0.00,2.00,
2724,252.00,846.00,0.31,
2725,6.75,0.00,2.00,
2726,267.25,792.00,0.42,
2727,1.25,0.00,2.00,
2728,4.00,0.00,2.00,
2729,12.75,2.00,2.00,
2730,2.00,0.00,2.00,
2731,4.75,0.00,2.00,
2732,23.00,4.00,1.99,
2733,5.00,0.00,2.00,
2734,11.50,0.00,2.00,
2735,277.50,734.00,0.53,
2736,0.25,0.00,2.00,
2737,2.75,0.00,2.00,
2738,281.25,742.00,0.52,
2739,2.75,0.00,2.00,
2740,176.75,799.00,0.40,
2741,1.25,1.00,2.00,
2742,27.25,1.00,2.00,
2743,232.00,798.00,0.40,
2744,207.25,737.00,0.53,
2745,161.75,819.00,0.36,
2746,254.50,820.00,0.36,
2747,30.00,4.00,1.99,
2748,48.75,5.00,1.99,
2749,28.50,0.00,2.00,
2750,1.50,0.00,2.00,
2751,3.00,0.00,2.00,
2752,4.00,0.00,2.00,
2753,203.25,811.00,0.38,
2754,203.75,804.00,0.39,
2755,250.75,798.00,0.40,
2756,190.00,809.00,0.38,
2757,2.00,0.00,2.00,
2758,332.25,784.00,0.43,
2759,281.25,793.00,0.41,
2760,272.75,798.00,0.40,
2761,274.50,840.00,0.32,
2762,229.25,792.00,0.42,
2763,238.00,739.00,0.52,
2764,20.50,4.00,1.99,
2765,230.75,793.00,0.41,
2766,298.00,833.00,0.33,
2767,268.75,776.00,0.45,
2768,292.50,760.00,0.48,
2769,231.00,821.00,0.36,
2770,247.00,822.00,0.36,
2771,0.50,0.00,2.00,
2772,0.75,0.00,2.00,
2773,239.75,838.00,0.32,
2774,210.75,789.00,0.42,
2775,293.50,817.00,0.37,
2776,2.25,0.00,2.00,
2777,7.25,0.00,2.00,
2778,35.25,5.00,1.99,
2779,319.00,775.00,0.45,
2780,30.25,1.00,2.00,
2781,1.75,0.00,2.00,
2782,235.25,820.00,0.36,
2783,53.75,2.00,2.00,
2784,3.00,0.00,2.00,
2785,297.00,783.00,0.43,
2786,10.75,0.00,2.00,
2787,1.50,1.00,2.00,
2788,281.50,822.00,0.36,
2789,260.75,749.00,0.50,
2790,257.50,786.00,0.43,
2791,9.00,0.00,2.00,
2792,272.75,798.00,0.40,
2793,2.25,0.00,2.00,
2794,232.50,844.00,0.31,
2795,49.50,2.00,2.00,
2796,291.25,790.00,0.42,
2797,199.75,792.00,0.42,
2798,256.25,776.00,0.45,
2799,275.25,807.00,0.39,
2800,226.00,847.00,0.31,
2801,255.25,801.00,0.40,
2802,5.75,0.00,2.00,
2803,355.25,798.00,0.40,
2804,10.25,1.00,2.00,
2805,207.75,790.00,0.42,
2806,10.25,2.00,2.00,
2807,291.75,809.00,0.38,
2808,30.75,1.00,2.00,
2809,277.75,808.00,0.38,
2810,68.75,20.00,1.96,
2811,21.00,5.00,1.99,
2812,61.50,2.00,2.00,
2813,228.75,779.00,0.44,
2814,224.25,770.00,0.46,
2815,265.25,792.00,0.42,
2816,13.25,0.00,2.00,
2817,250.75,806.00,0.39,
2818,253.50,799.00,0.40,
2819,311.75,746.00,0.51,
2820,3.75,0.00,2.00,
2821,1.00,0.00,2.00,
2822,5.00,0.00,2.00,
2823,209.75,807.00,0.39,
2824,3.25,1.00,2.00,
2825,277.25,788.00,0.42,
2826,261.25,804.00,0.39,
2827,6.00,0.00,2.00,
2828,2.75,0.00,2.00,
2829,8.25,1.00,2.00,
2830,240.75,820.00,0.36,
2831,2.75,0.00,2.00,
2832,1.25,0.00,2.00,
2833,185.00,784.00,0.43,
2834,250.75,829.00,0.34,
2835,273.50,837.00,0.33,
2836,215.00,773.00,0.45,
2837,2.00,0.00,2.00,
2838,24.00,4.00,1.99,
2839,1.75,0.00,2.00,
2840,15.25,1.00,2.00,
2841,2.50,0.00,2.00,
2842,9.00,1.00,2.00,
2843,6.00,0.00,2.00,
2844,18.00,1.00,2.00,
2845,219.75,793.00,0.41,
2846,24.25,0.00,2.00,
2847,19.00,2.00,2.00,
2848,11.50,2.00,2.00,
2849,299.75,815.00,0.37,
2850,296.50,791.00,0.42,
2851,213.75,769.00,0.46,
2852,267.00,809.00,0.38,
2853,0.50,0.00,2.00,
2854,301.00,846.00,0.31,
2855,254.00,825.00,0.35,
2856,7.00,0.00,2.00,
2857,288.25,759.00,0.48,
2858,1.00,0.00,2.00,
2859,18.25,2.00,2.00,
2860,3.00,0.00,2.00,
2861,262.25,827.00,0.35,
2862,228.75,836.00,0.33,
2863,243.00,723.00,0.55,
2864,10.25,0.00,2.00,
2865,1.25,0.00,2.00,
2866,278.50,841.00,0.32,
2867,255.75,811.00,0.38,
2868,187.25,827.00,0.35,
2869,231.50,839.00,0.32,
2870,255.50,780.00,0.44,
2871,324.50,797.00,0.41,
2872,191.75,817.00,0.37,
2873,0.25,0.00,2.00,
2874,3.50,0.00,2.00,
2875,20.75,2.00,2.00,
2876,313.25,759.00,0.48,
2877,23.25,4.00,1.99,
2878,220.50,765.00,0.47,
2879,227.25,761.00,0.48,
2880,10.25,0.00,2.00,
2881,327.00,779.00,0.44,
2882,325.25,823.00,0.35,
2883,275.50,801.00,0.40,
2884,227.50,833.00,0.33,
2885,228.50,820.00,0.36,
2886,234.25,781.00,0.44,
2887,0.25,0.00,2.00,
2888,161.75,793.00,0.41,
2889,163.00,750.00,0.50,
2890,239.00,823.00,0.35,
2891,10.00,1.00,2.00,
2892,263.00,765.00,0.47,
2893,274.00,673.00,0.65,
2894,235.75,807.00,0.39,
2895,243.00,758.00,0.48,
2896,4.25,0.00,2.00,
2897,216.50,773.00,0.45,
2898,337.50,823.00,0.35,
2899,2.25,0.00,2.00,
2900,239.75,759.00,0.48,
2901,4.25,0.00,2.00,
2902,25.00,0.00,2.00,
2903,3.00,0.00,2.00,
2904,0.50,0.00,2.00,
2905,248.75,827.00,0.35,
2906,6.50,1.00,2.00,
2907,18.25,2.00,2.00,
2908,194.00,784.00,0.43,
2909,224.50,829.00,0.34,
2910,294.00,816.00,0.37,
2911,330.75,795.00,0.41,
2912,1.00,0.00,2.00,
2913,3.50,0.00,2.00,
2914,2.75,0.00,2.00,
2915,238.00,757.00,0.49,
2916,239.50,782.00,0.44,
2917,6.00,0.00,2.00,
2918,227.50,822.00,0.36,
2919,337.25,804.00,0.39,
2920,1.50,0.00,2.00,
2921,270.75,788.00,0.42,
2922,3.75,0.00,2.00,
2923,226.25,811.00,0.38,
2924,12.50,0.00,2.00,
2925,8.50,0.00,2.00,
2926,5.25,0.00,2.00,
2927,285.75,806.00,0.39,
2928,6.75,0.00,2.00,
2929,178.00,853.00,0.29,
2930,15.25,1.00,2.00,
2931,221.50,820.00,0.36,
2932,4.00,0.00,2.00,
2933,1.75,0.00,2.00,
2934,220.50,827.00,0.35,
2935,208.00,802.00,0.40,
2936,1.25,0.00,2.00,
2937,302.75,855.00,0.29,
2938,217.75,794.00,0.41,
2939,21.00,2.00,2.00,
2940,204.75,835.00,0.33,
2941,36.00,6.00,1.99,
2942,188.00,811.00,0.38,
2943,5.50,0.00,2.00,
2944,261.00,824.00,0.35,
2945,298.00,771.00,0.46,
2946,0.75,0.00,2.00,
2947,255.25,795.00,0.41,
2948,295.75,757.00,0.49,
2949,263.50,768.00,0.46,
2950,1.50,0.00,2.00,
2951,0.75,0.00,2.00,
2952,1.25,0.00,2.00,
2953,12.25,2.00,2.00,
2954,1.50,0.00,2.00,
2955,6.00,0.00,2.00,
2956,231.25,761.00,0.48,
2957,10.25,0.00,2.00,
2958,24.75,5.00,1.99,
2959,37.75,6.00,1.99,
2960,273.25,819.00,0.36,
2961,290.00,813.00,0.37,
2962,297.25,783.00,0.43,
2963,28.50,1.00,2.00,
2964,9.25,0.00,2.00,
2965,3.00,0.00,2.00,
2966,27.75,2.00,2.00,
2967,280.25,808.00,0.38,
2968,263.25,817.00,0.37,
2969,263.25,746.00,0.51,
2970,252.00,812.00,0.38,
2971,1.50,0.00,2.00,
2972,316.50,824.00,0.35,
2973,2.00,0.00,2.00,
2974,275.75,771.00,0.46,
2975,7.25,0.00,2.00,
2976,12.50,0.00,2.00,
2977,280.00,788.00,0.42,
2978,32.50,13.00,1.97,
2979,9.25,0.00,2.00,
2980,245.50,848.00,0.30,
2981,274.25,809.00,0.38,
2982,1.50,0.00,2.00,
2983,3.25,0.00,2.00,
2984,16.50,1.00,2.00,
2985,20.75,0.00,2.00,
2986,2.75,0.00,2.00,
2987,283.25,846.00,0.31,
2988,22.75,4.00,1.99,
2989,243.00,808.00,0.38,
2990,0.25,0.00,2.00,
2991,304.25,845.00,0.31,
2992,258.75,767.00,0.47,
2993,241.00,832.00,0.34,
2994,241.25,771.00,0.46,
2995,188.50,807.00,0.39,
2996,5.50,1.00,2.00,
2997,322.25,801.00,0.40,
2998,5.25,0.00,2.00,
2999,4.00,0.00,2.00,
3000,302.00,849.00,0.30,
3001,1.75,0.00,2.00,
3002,5.50,0.00,2.00,
3003,240.50,726.00,0.55,
3004,315.75,809.00,0.38,
3005,1.50,0.00,2.00,
3006,242.00,783.00,0.43,
3007,9.00,0.00,2.00,
3008,284.25,782.00,0.44,
3009,256.75,769.00,0.46,
3010,1.00,0.00,2.00,
3011,18.25,4.00,1.99,
3012,17.00,0.00,2.00,
3013,2.50,0.00,2.00,
3014,198.50,719.00,0.56,
3015,258.00,754.00,0.49,
3016,272.75,804.00,0.39,
3017,5.75,0.00,2.00,
3018,275.75,816.00,0.37,
3019,20.75,4.00,1.99,
3020,10.00,0.00,2.00,
3021,254.75,819.00,0.36,
3022,287.00,779.00,0.44,
3023,249.75,749.00,0.50,
3024,247.75,824.00,0.35,
3025,216.75,796.00,0.41,
3026,219.50,809.00,0.38,
3027,293.75,784.00,0.43,
3028,246.75,785.00,0.43,
3029,2.25,0.00,2.00,
3030,8.25,0.00,2.00,
3031,321.50,809.00,0.38,
3032,42.50,2.00,2.00,
3033,14.00,0.00,2.00,
3034,11.00,0.00,2.00,
3035,234.25,799.00,0.40,
3036,0.75,1.00,2.00,
3037,319.00,807.00,0.39,
3038,286.00,801.00,0.40,
3039,0.75,0.00,2.00,
3040,211.50,770.00,0.46,
3041,8.25,0.00,2.00,
3042,1.25,0.00,2.00,
3043,22.00,1.00,2.00,
3044,271.50,828.00,0.34,
3045,265.25,758.00,0.48,
3046,5.00,0.00,2.00,
3047,216.50,759.00,0.48,
3048,15.00,1.00,2.00,
3049,4.50,0.00,2.00,
3050,217.50,864.00,0.27,
3051,107.50,34.00,1.93,
3052,3.75,0.00,2.00,
3053,17.25,4.00,1.99,
3054,3.00,0.00,2.00,
3055,0.25,0.00,2.00,
3056,10.00,0.00,2.00,
3057,7.25,3.00,1.99,
3058,220.50,804.00,0.39,
3059,266.25,784.00,0.43,
3060,238.25,744.00,0.51,
3061,218.75,768.00,0.46,
3062,223.50,814.00,0.37,
3063,11.25,1.00,2.00,
3064,294.00,836.00,0.33,
3065,6.50,0.00,2.00,
3066,75.00,16.00,1.97,
3067,264.50,835.00,0.33,
3068,0.75,0.00,2.00,
3069,2.50,0.00,2.00,
3070,233.75,754.00,0.49,
3071,4.25,0.00,2.00,
3072,14.25,3.00,1.99,
3073,210.75,806.00,0.39,
3074,228.00,817.00,0.37,
3075,254.00,807.00,0.39,
3076,5.00,0.00,2.00,
3077,238.25,807.00,0.39,
3078,19.00,2.00,2.00,
3079,73.00,17.00,1.97,
3080,274.00,805.00,0.39,
3081,5.50,0.00,2.00,
3082,17.25,1.00,2.00,
3083,26.25,3.00,1.99,
3084,250.00,783.00,0.43,
3085,321.50,810.00,0.38,
3086,251.00,757.00,0.49,
3087,0.75,0.00,2.00,
3088,22.75,4.00,1.99,
3089,223.50,816.00,0.37,
3090,225.25,826.00,0.35,
3091,1.25,0.00,2.00,
3092,278.00,810.00,0.38,
3093,2.50,0.00,2.00,
3094,5.25,0.00,2.00,
3095,255.50,801.00,0.40,
3096,186.75,792.00,0.42,
3097,2.50,0.00,2.00,
3098,1.25,0.00,2.00,
3099,228.50,854.00,0.29,
3100,325.00,816.00,0.37,
3101,272.75,774.00,0.45,
3102,6.25,0.00,2.00,
3103,272.00,839.00,0.32,
3104,301.25,819.00,0.36,
3105,264.00,800.00,0.40,
3106,1.00,0.00,2.00,
3107,18.50,3.00,1.99,
3108,3.00,0.00,2.00,
3109,1.25,0.00,2.00,
3110,266.50,824.00,0.35,
3111,2.75,0.00,2.00,
3112,269.75,791.00,0.42,
3113,248.75,759.00,0.48,
3114,3.00,0.00,2.00,
3115,272.75,741.00,0.52,
3116,261.00,748.00,0.50,
3117,1.50,0.00,2.00,
3118,244.00,807.00,0.39,
3119,5.00,0.00,2.00,
3120,14.50,1.00,2.00,
3121,236.75,846.00,0.31,
3122,249.50,800.00,0.40,
3123,227.25,807.00,0.39,
3124,3.00,0.00,2.00,
3125,199.50,838.00,0.32,
3126,282.50,795.00,0.41,
3127,8.00,0.00,2.00,
3128,209.75,767.00,0.47,
3129,426.00,770.00,0.46,
3130,4.00,0.00,2.00,
3131,31.00,2.00,2.00,
3132,5.50,0.00,2.00,
3133,21.25,0.00,2.00,
3134,5.00,0.00,2.00,
3135,18.75,0.00,2.00,
3136,222.75,786.00,0.43,
3137,253.00,840.00,0.32,
3138,5.25,0.00,2.00,
3139,10.25,1.00,2.00,
3140,1.50,0.00,2.00,
3141,212.75,799.00,0.40,
3142,270.25,704.00,0.59,
3143,194.50,784.00,0.43,
3144,193.50,792.00,0.42,
3145,179.00,844.00,0.31,
3146,35.25,0.00,2.00,
3147,249.00,794.00,0.41,
3148,1.75,0.00,2.00,
3149,239.75,774.00,0.45,
3150,22.50,2.00,2.00,
3151,273.00,767.00,0.47,
3152,11.25,0.00,2.00,
3153,0.50,0.00,2.00,
3154,215.75,772.00,0.46,
3155,95.25,11.00,1.98,
3156,246.25,830.00,0.34,
3157,246.75,786.00,0.43,
3158,2.75,0.00,2.00,
3159,0.75,0.00,2.00,
3160,273.50,769.00,0.46,
3161,4.00,1.00,2.00,
3162,314.25,850.00,0.30,
3163,14.75,2.00,2.00,
3164,16.25,1.00,2.00,
3165,3.75,0.00,2.00,
3166,262.00,815.00,0.37,
3167,10.75,2.00,2.00,
3168,2.75,0.00,2.00,
3169,3.50,0.00,2.00,
3170,246.50,801.00,0.40,
3171,5.50,0.00,2.00,
3172,11.75,1.00,2.00,
3173,272.25,828.00,0.34,
3174,6.25,0.00,2.00,
3175,4.00,0.00,2.00,
3176,257.00,801.00,0.40,
3177,21.50,2.00,2.00,
3178,2.00,0.00,2.00,
3179,241.50,755.00,0.49,
3180,1.75,0.00,2.00,
3181,22.50,1.00,2.00,
3182,218.75,827.00,0.35,
3183,23.00,5.00,1.99,
3184,237.00,762.00,0.48,
3185,0.50,0.00,2.00,
3186,3.25,0.00,2.00,
3187,238.75,795.00,0.41,
3188,22.25,1.00,2.00,
3189,18.00,2.00,2.00,
3190,24.75,1.00,2.00,
3191,1.00,0.00,2.00,
3192,203.75,766.00,0.47,
3193,2.25,0.00,2.00,
3194,2.50,0.00,2.00,
3195,248.00,796.00,0.41,
3196,284.50,801.00,0.40,
3197,11.50,2.00,2.00,
3198,336.75,775.00,0.45,
3199,10.25,0.00,2.00,
3200,231.25,753.00,0.49,
3201,269.25,798.00,0.40,
3202,198.50,821.00,0.36,
3203,0.50,0.00,2.00,
3204,241.75,792.00,0.42,
3205,12.25,1.00,2.00,
3206,207.00,797.00,0.41,
3207,270.00,773.00,0.45,
3208,256.75,759.00,0.48,
3209,280.75,823.00,0.35,
3210,247.75,789.00,0.42,
3211,14.75,3.00,1.99,
3212,289.50,800.00,0.40,
3213,0.50,0.00,2.00,
3214,8.00,0.00,2.00,
3215,49.25,9.00,1.98,
3216,223.50,792.00,0.42,
3217,9.50,0.00,2.00,
3218,4.25,0.00,2.00,
3219,20.75,6.00,1.99,
3220,261.25,811.00,0.38,
3221,10.00,0.00,2.00,
3222,1.00,0.00,2.00,
3223,198.00,835.00,0.33,
3224,2.75,0.00,2.00,
3225,4.75,1.00,2.00,
3226,3.50,0.00,2.00,
3227,0.50,0.00,2.00,
3228,266.75,813.00,0.37,
3229,231.00,799.00,0.40,
3230,231.75,805.00,0.39,
3231,219.25,828.00,0.34,
3232,252.75,770.00,0.46,
3233,193.50,811.00,0.38,
3234,248.25,840.00,0.32,
3235,208.50,822.00,0.36,
3236,7.50,0.00,2.00,
3237,6.00,0.00,2.00,
3238,7.75,0.00,2.00,
3239,3.00,0.00,2.00,
3240,242.75,846.00,0.31,
3241,215.25,766.00,0.47,
3242,28.50,6.00,1.99,
3243,15.00,1.00,2.00,
3244,2.75,0.00,2.00,
3245,1.00,0.00,2.00,
3246,28.00,2.00,2.00,
3247,196.25,790.00,0.42,
3248,2.50,0.00,2.00,
3249,246.75,769.00,0.46,
3250,275.00,823.00,0.35,
3251,21.75,4.00,1.99,
3252,194.25,779.00,0.44,
3253,258.25,832.00,0.34,
3254,37.75,8.00,1.98,
3255,248.25,813.00,0.37,
3256,256.50,771.00,0.46,
3257,223.75,747.00,0.51,
3258,210.25,794.00,0.41,
3259,6.00,0.00,2.00,
3260,199.75,807.00,0.39,
3261,0.50,0.00,2.00,
3262,32.50,3.00,1.99,
3263,6.50,4.00,1.99,
3264,0.25,0.00,2.00,
3265,202.75,797.00,0.41,
3266,275.25,768.00,0.46,
3267,4.00,0.00,2.00,
3268,293.25,829.00,0.34,
3269,44.00,8.00,1.98,
3270,23.50,1.00,2.00,
3271,313.50,761.00,0.48,
3272,319.25,782.00,0.44,
3273,246.75,772.00,0.46,
3274,289.50,787.00,0.43,
3275,216.25,767.00,0.47,
3276,228.00,842.00,0.32,
3277,282.00,816.00,0.37,
3278,8.00,2.00,2.00,
3279,9.25,0.00,2.00,
3280,2.00,0.00,2.00,
3281,4.50,1.00,2.00,
3282,17.00,0.00,2.00,
3283,0.25,0.00,2.00,
3284,1.25,0.00,2.00,
3285,2.25,0.00,2.00,
3286,238.00,788.00,0.42,
3287,235.75,808.00,0.38,
3288,230.75,790.00,0.42,
3289,3.25,0.00,2.00,
3290,9.50,0.00,2.00,
3291,0.50,0.00,2.00,
3292,20.00,0.00,2.00,
3293,1.75,0.00,2.00,
3294,14.25,3.00,1.99,
3295,224.00,775.00,0.45,
3296,208.25,785.00,0.43,
3297,244.25,811.00,0.38,
3298,260.25,825.00,0.35,
3299,248.25,775.00,0.45,
3300,14.00,1.00,2.00,
3301,1.50,0.00,2.00,
3302,9.50,3.00,1.99,
3303,210.75,810.00,0.38,
3304,230.75,770.00,0.46,
3305,1.75,0.00,2.00,
3306,280.25,837.00,0.33,
3307,1.00,0.00,2.00,
3308,5.75,0.00,2.00,
3309,15.50,0.00,2.00,
3310,241.00,799.00,0.40,
3311,306.25,788.00,0.42,
3312,29.00,1.00,2.00,
3313,1.75,0.00,2.00,
3314,234.50,777.00,0.45,
3315,9.00,0.00,2.00,
3316,243.75,796.00,0.41,
3317,11.25,2.00,2.00,
3318,211.50,799.00,0.40,
3319,226.25,794.00,0.41,
3320,1.00,0.00,2.00,
3321,260.75,795.00,0.41,
3322,11.00,0.00,2.00,
3323,16.75,4.00,1.99,
3324,325.00,799.00,0.40,
3325,1.75,0.00,2.00,
3326,1.25,0.00,2.00,
3327,6.75,0.00,2.00,
3328,5.25,0.00,2.00,
3329,248.75,681.00,0.64,
3330,5.75,0.00,2.00,
3331,8.25,1.00,2.00,
3332,215.50,787.00,0.43,
3333,264.00,832.00,0.34,
3334,2.25,0.00,2.00,
3335,316.25,800.00,0.40,
3336,8.25,0.00,2.00,
3337,266.25,830.00,0.34,
3338,0.25,0.00,2.00,
3339,36.00,5.00,1.99,
3340,2.75,0.00,2.00,
3341,241.75,804.00,0.39,
3342,24.25,1.00,2.00,
3343,48.50,8.00,1.98,
3344,2.00,0.00,2.00,
3345,326.50,766.00,0.47,
3346,2.50,0.00,2.00,
3347,1.50,0.00,2.00,
3348,281.50,748.00,0.50,
3349,261.50,805.00,0.39,
3350,13.75,1.00,2.00,
3351,58.75,13.00,1.97,
3352,248.75,761.00,0.48,
3353,260.50,816.00,0.37,
3354,8.00,1.00,2.00,
3355,218.75,833.00,0.33,
3356,9.25,1.00,2.00,
3357,242.00,784.00,0.43,
3358,5.75,0.00,2.00,
3359,268.50,762.00,0.48,
3360,7.00,0.00,2.00,
3361,0.75,0.00,2.00,
3362,266.50,845.00,0.31,
3363,3.75,0.00,2.00,
3364,263.75,805.00,0.39,
3365,15.50,0.00,2.00,
3366,0.75,0.00,2.00,
3367,4.75,0.00,2.00,
3368,3.00,0.00,2.00,
3369,309.50,832.00,0.34,
3370,0.75,0.00,2.00,
3371,2.25,0.00,2.00,
3372,16.50,3.00,1.99,
3373,249.25,786.00,0.43,
3374,211.50,806.00,0.39,
3375,181.25,774.00,0.45,
3376,211.25,795.00,0.41,
3377,37.50,4.00,1.99,
3378,1.50,0.00,2.00,
3379,209.00,753.00,0.49,
3380,6.25,0.00,2.00,
3381,219.25,799.00,0.40,
3382,6.75,0.00,2.00,
3383,266.00,773.00,0.45,
3384,0.50,0.00,2.00,
3385,227.25,803.00,0.39,
3386,5.50,0.00,2.00,
3387,273.25,765.00,0.47,
3388,32.00,4.00,1.99,
3389,6.75,0.00,2.00,
3390,21.25,1.00,2.00,
3391,8.50,0.00,2.00,
3392,186.50,814.00,0.37,
3393,236.50,746.00,0.51,
3394,261.75,783.00,0.43,
3395,2.75,0.00,2.00,
3396,3.25,0.00,2.00,
3397,230.25,763.00,0.47,
3398,6.75,0.00,2.00,
3399,5.25,0.00,2.00,
3400,10.00,0.00,2.00,
3401,7.00,0.00,2.00,
3402,274.00,829.00,0.34,
3403,257.50,840.00,0.32,
3404,5.00,0.00,2.00,
3405,256.25,776.00,0.45,
3406,7.25,4.00,1.99,
3407,233.00,818.00,0.36,
3408,18.50,0.00,2.00,
3409,288.25,801.00,0.40,
3410,9.75,1.00,2.00,
3411,2.00,0.00,2.00,
3412,12.00,1.00,2.00,
3413,231.50,796.00,0.41,
3414,6.75,0.00,2.00,
3415,233.75,769.00,0.46,
3416,258.50,746.00,0.51,
3417,5.75,1.00,2.00,
3418,12.25,2.00,2.00,
3419,243.50,797.00,0.41,
3420,227.50,805.00,0.39,
3421,224.75,812.00,0.38,
3422,255.50,782.00,0.44,
3423,265.75,809.00,0.38,
3424,14.75,2.00,2.00,
3425,243.75,703.00,0.59,
3426,19.00,0.00,2.00,
3427,37.75,2.00,2.00,
3428,338.00,824.00,0.35,
3429,13.25,1.00,2.00,
3430,2.25,0.00,2.00,
3431,8.25,0.00,2.00,
3432,5.50,0.00,2.00,
3433,4.50,0.00,2.00,
3434,282.50,694.00,0.61,
3435,259.25,772.00,0.46,
3436,236.50,818.00,0.36,
3437,4.00,0.00,2.00,
3438,8.75,0.00,2.00,
3439,1.50,0.00,2.00,
3440,278.75,847.00,0.31,
3441,1.25,0.00,2.00,
3442,1.00,0.00,2.00,
3443,5.25,0.00,2.00,
3444,6.25,0.00,2.00,
3445,267.50,840.00,0.32,
3446,189.75,791.00,0.42,
3447,1.00,0.00,2.00,
3448,2.75,1.00,2.00,
3449,13.00,0.00,2.00,
3450,191.00,822.00,0.36,
3451,0.25,0.00,2.00,
3452,14.75,1.00,2.00,
3453,18.25,0.00,2.00,
3454,9.25,0.00,2.00,
3455,17.00,2.00,2.00,
3456,289.75,777.00,0.45,
3457,1.75,0.00,2.00,
3458,213.00,799.00,0.40,
3459,245.00,815.00,0.37,
3460,10.50,1.00,2.00,
3461,258.75,840.00,0.32,
3462,255.25,775.00,0.45,
3463,292.75,825.00,0.35,
3464,209.75,797.00,0.41,
3465,257.75,789.00,0.42,
3466,19.75,2.00,2.00,
3467,11.50,1.00,2.00,
3468,7.50,1.00,2.00,
3469,6.25,0.00,2.00,
3470,9.00,0.00,2.00,
3471,313.25,784.00,0.43,
3472,277.75,791.00,0.42,
3473,8.25,1.00,2.00,
3474,205.25,828.00,0.34,
3475,315.00,825.00,0.35,
3476,249.25,824.00,0.35,
3477,48.50,14.00,1.97,
3478,3.25,0.00,2.00,
3479,296.75,798.00,0.40,
3480,6.50,0.00,2.00,
3481,1.00,0.00,2.00,
3482,1.25,0.00,2.00,
3483,14.00,0.00,2.00,
3484,266.50,832.00,0.34,
3485,276.00,784.00,0.43,
3486,263.75,785.00,0.43,
3487,12.00,0.00,2.00,
3488,244.75,809.00,0.38,
3489,8.25,1.00,2.00,
3490,5.00,0.00,2.00,
3491,243.50,811.00,0.38,
3492,203.00,830.00,0.34,
3493,2.00,0.00,2.00,
3494,255.25,827.00,0.35,
3495,216.75,863.00,0.27,
3496,0.25,0.00,2.00,
3497,254.50,773.00,0.45,
3498,297.50,783.00,0.43,
3499,272.75,801.00,0.40,
3500,3.75,1.00,2.00,
3501,217.25,831.00,0.34,
3502,13.50,1.00,2.00,
3503,12.50,0.00,2.00,
3504,10.50,0.00,2.00,
3505,7.25,0.00,2.00,
3506,14.25,1.00,2.00,
3507,14.75,0.00,2.00,
3508,220.50,785.00,0.43,
3509,11.75,0.00,2.00,
3510,225.75,809.00,0.38,
3511,305.00,783.00,0.43,
3512,290.25,789.00,0.42,
3513,215.25,797.00,0.41,
3514,347.50,782.00,0.44,
3515,191.75,780.00,0.44,
3516,221.25,784.00,0.43,
3517,21.75,1.00,2.00,
3518,12.75,0.00,2.00,
3519,215.00,839.00,0.32,
3520,17.25,2.00,2.00,
3521,261.75,814.00,0.37,
3522,286.00,812.00,0.38,
3523,228.25,773.00,0.45,
3524,218.25,817.00,0.37,
3525,282.00,824.00,0.35,
3526,241.00,820.00,0.36,
3527,3.00,0.00,2.00,
3528,3.00,0.00,2.00,
3529,1.25,1.00,2.00,
3530,3.50,0.00,2.00,
3531,2.25,0.00,2.00,
3532,4.50,0.00,2.00,
3533,1.00,0.00,2.00,
3534,22.25,0.00,2.00,
3535,247.75,792.00,0.42,
3536,273.25,793.00,0.41,
3537,256.25,829.00,0.34,
3538,1.75,0.00,2.00,
3539,2.50,1.00,2.00,
3540,13.75,0.00,2.00,
3541,225.50,812.00,0.38,
3542,243.25,812.00,0.38,
3543,17.25,1.00,2.00,
3544,253.00,818.00,0.36,
3545,1.25,0.00,2.00,
3546,4.00,0.00,2.00,
3547,248.00,781.00,0.44,
3548,74.50,11.00,1.98,
3549,249.75,823.00,0.35,
3550,9.00,0.00,2.00,
3551,204.50,766.00,0.47,
3552,267.25,758.00,0.48,
3553,3.00,0.00,2.00,
3554,3.75,0.00,2.00,
3555,5.50,0.00,2.00,
3556,3.50,0.00,2.00,
3557,15.50,4.00,1.99,
3558,257.75,774.00,0.45,
3559,12.75,0.00,2.00,
3560,264.50,809.00,0.38,
3561,249.00,806.00,0.39,
3562,254.25,839.00,0.32,
3563,248.00,802.00,0.40,
3564,262.75,859.00,0.28,
3565,220.75,791.00,0.42,
3566,10.00,0.00,2.00,
3567,258.25,842.00,0.32,
3568,0.25,0.00,2.00,
3569,7.75,0.00,2.00,
3570,263.75,764.00,0.47,
3571,210.50,797.00,0.41,
3572,270.50,742.00,0.52,
3573,13.50,0.00,2.00,
3574,237.50,778.00,0.44,
3575,253.25,756.00,0.49,
3576,3.75,0.00,2.00,
3577,1.00,0.00,2.00,
3578,3.75,0.00,2.00,
3579,241.25,806.00,0.39,
3580,24.00,2.00,2.00,
3581,0.75,0.00,2.00,
3582,244.25,787.00,0.43,
3583,241.00,787.00,0.43,
3584,9.50,0.00,2.00,
3585,186.50,797.00,0.41,
3586,206.50,812.00,0.38,
3587,264.25,752.00,0.50,
3588,203.00,745.00,0.51,
3589,3.25,0.00,2.00,
3590,204.75,778.00,0.44,
3591,1.00,0.00,2.00,
3592,184.75,793.00,0.41,
3593,0.25,0.00,2.00,
3594,17.75,0.00,2.00,
3595,212.00,813.00,0.37,
3596,4.00,0.00,2.00,
3597,13.25,0.00,2.00,
3598,11.50,1.00,2.00,
3599,10.00,0.00,2.00,
3600,221.00,803.00,0.39,
3601,10.50,0.00,2.00,
3602,4.75,0.00,2.00,
3603,248.25,782.00,0.44,
3604,272.75,833.00,0.33,
3605,259.25,822.00,0.36,
3606,207.25,759.00,0.48,
3607,247.50,815.00,0.37,
3608,6.75,0.00,2.00,
3609,2.75,0.00,2.00,
3610,281.25,815.00,0.37,
3611,18.00,0.00,2.00,
3612,218.50,772.00,0.46,
3613,3.75,0.00,2.00,
3614,256.00,786.00,0.43,
3615,6.75,0.00,2.00,
3616,77.00,9.00,1.98,
3617,219.00,785.00,0.43,
3618,249.50,833.00,0.33,
3619,224.25,812.00,0.38,
3620,12.00,0.00,2.00,
3621,0.75,0.00,2.00,
3622,239.25,797.00,0.41,
3623,30.25,11.00,1.98,
3624,0.75,0.00,2.00,
3625,196.75,822.00,0.36,
3626,17.00,2.00,2.00,
3627,11.25,1.00,2.00,
3628,4.25,1.00,2.00,
3629,240.50,799.00,0.40,
3630,181.25,773.00,0.45,
3631,7.00,0.00,2.00,
3632,323.00,812.00,0.38,
3633,371.25,814.00,0.37,
3634,243.00,735.00,0.53,
3635,351.50,833.00,0.33,
3636,2.50,0.00,2.00,
3637,1.25,0.00,2.00,
3638,19.25,4.00,1.99,
3639,176.50,816.00,0.37,
3640,361.25,775.00,0.45,
3641,290.50,839.00,0.32,
3642,1.25,0.00,2.00,
3643,276.00,803.00,0.39,
3644,225.25,731.00,0.54,
3645,298.25,804.00,0.39,
3646,5.50,2.00,2.00,
3647,259.00,853.00,0.29,
3648,265.25,797.00,0.41,
3649,1.75,0.00,2.00,
3650,217.50,794.00,0.41,
3651,1.00,0.00,2.00,
3652,260.50,818.00,0.36,
3653,0.75,0.00,2.00,
3654,226.00,820.00,0.36,
3655,239.25,840.00,0.32,
3656,18.50,6.00,1.99,
3657,191.75,842.00,0.32,
3658,318.75,794.00,0.41,
3659,7.75,0.00,2.00,
3660,230.25,809.00,0.38,
3661,329.00,820.00,0.36,
3662,9.25,2.00,2.00,
3663,289.75,784.00,0.43,
3664,264.75,808.00,0.38,
3665,281.50,749.00,0.50,
3666,0.75,0.00,2.00,
3667,8.50,1.00,2.00,
3668,308.00,855.00,0.29,
3669,2.75,0.00,2.00,
3670,4.50,0.00,2.00,
3671,257.00,836.00,0.33,
3672,364.50,822.00,0.36,
3673,6.00,0.00,2.00,
3674,218.75,786.00,0.43,
3675,245.50,779.00,0.44,
3676,224.00,787.00,0.43,
3677,3.75,0.00,2.00,
3678,232.00,819.00,0.36,
3679,233.00,748.00,0.50,
3680,256.75,832.00,0.34,
3681,4.75,0.00,2.00,
3682,215.00,814.00,0.37,
3683,2.25,0.00,2.00,
3684,214.25,788.00,0.42,
3685,222.50,808.00,0.38,
3686,0.75,0.00,2.00,
3687,243.25,791.00,0.42,
3688,280.50,789.00,0.42,
3689,238.50,806.00,0.39,
3690,1.00,0.00,2.00,
3691,2.25,0.00,2.00,
3692,256.50,838.00,0.32,
3693,273.25,706.00,0.59,
3694,247.50,809.00,0.38,
3695,269.25,807.00,0.39,
3696,206.50,796.00,0.41,
3697,25.75,0.00,2.00,
3698,269.00,819.00,0.36,
3699,203.25,802.00,0.40,
3700,246.25,823.00,0.35,
3701,235.00,764.00,0.47,
3702,197.75,835.00,0.33,
3703,196.25,845.00,0.31,
3704,214.25,790.00,0.42,
3705,254.50,827.00,0.35,
3706,216.75,835.00,0.33,
3707,28.25,3.00,1.99,
3708,265.00,811.00,0.38,
3709,212.25,799.00,0.40,
3710,2.25,0.00,2.00,
3711,216.75,798.00,0.40,
3712,25.75,4.00,1.99,
3713,248.00,805.00,0.39,
3714,249.25,779.00,0.44,
3715,292.50,788.00,0.42,
3716,8.75,1.00,2.00,
3717,209.00,802.00,0.40,
3718,305.50,817.00,0.37,
3719,246.75,800.00,0.40,
3720,20.25,0.00,2.00,
3721,231.25,775.00,0.45,
3722,211.75,761.00,0.48,
3723,229.25,792.00,0.42,
3724,219.50,803.00,0.39,
3725,212.50,798.00,0.40,
3726,382.75,788.00,0.42,
3727,14.50,1.00,2.00,
3728,237.50,784.00,0.43,
3729,11.00,0.00,2.00,
3730,227.75,757.00,0.49,
3731,266.50,809.00,0.38,
3732,251.50,740.00,0.52,
3733,1.50,0.00,2.00,
3734,197.25,766.00,0.47,
3735,1.50,0.00,2.00,
3736,231.00,802.00,0.40,
3737,236.00,790.00,0.42,
3738,26.00,4.00,1.99,
3739,14.25,0.00,2.00,
3740,293.50,817.00,0.37,
3741,210.50,781.00,0.44,
3742,253.75,837.00,0.33,
3743,254.50,778.00,0.44,
3744,377.75,737.00,0.53,
3745,234.25,794.00,0.41,
3746,11.00,1.00,2.00,
3747,0.50,0.00,2.00,
3748,2.50,0.00,2.00,
3749,213.00,790.00,0.42,
3750,5.25,1.00,2.00,
3751,4.50,1.00,2.00,
3752,23.50,3.00,1.99,
3753,201.25,741.00,0.52,
3754,13.25,0.00,2.00,
3755,18.50,3.00,1.99,
3756,211.50,799.00,0.40,
3757,277.75,793.00,0.41,
3758,217.50,767.00,0.47,
3759,10.00,0.00,2.00,
3760,2.50,0.00,2.00,
3761,295.25,833.00,0.33,
3762,5.25,0.00,2.00,
3763,23.75,0.00,2.00,
3764,239.50,777.00,0.45,
3765,6.25,0.00,2.00,
3766,251.25,748.00,0.50,
3767,305.00,762.00,0.48,
3768,4.25,0.00,2.00,
3769,198.50,818.00,0.36,
3770,245.75,812.00,0.38,
3771,318.00,795.00,0.41,
3772,269.50,785.00,0.43,
3773,33.00,9.00,1.98,
3774,205.50,749.00,0.50,
3775,5.25,0.00,2.00,
3776,6.00,0.00,2.00,
3777,9.50,0.00,2.00,
3778,262.00,791.00,0.42,
3779,13.50,1.00,2.00,
3780,258.00,841.00,0.32,
3781,244.50,839.00,0.32,
3782,214.75,800.00,0.40,
3783,242.75,787.00,0.43,
3784,265.00,780.00,0.44,
3785,238.50,820.00,0.36,
3786,4.50,0.00,2.00,
3787,193.00,815.00,0.37,
3788,0.25,0.00,2.00,
3789,6.50,0.00,2.00,
3790,9.25,1.00,2.00,
3791,281.25,811.00,0.38,
3792,228.00,794.00,0.41,
3793,4.00,0.00,2.00,
3794,2.50,0.00,2.00,
3795,247.25,784.00,0.43,
3796,209.00,817.00,0.37,
3797,4.25,0.00,2.00,
3798,6.00,0.00,2.00,
3799,298.75,790.00,0.42,
3800,300.25,859.00,0.28,
3801,8.75,1.00,2.00,
3802,318.75,800.00,0.40,
3803,1.75,0.00,2.00,
3804,260.50,770.00,0.46,
3805,235.00,842.00,0.32,
3806,283.25,826.00,0.35,
3807,252.00,830.00,0.34,
3808,6.75,0.00,2.00,
3809,231.25,808.00,0.38,
3810,0.50,0.00,2.00,
3811,276.25,822.00,0.36,
3812,5.00,0.00,2.00,
3813,249.00,767.00,0.47,
3814,354.00,771.00,0.46,
3815,6.50,1.00,2.00,
3816,24.00,7.00,1.99,
3817,0.25,0.00,2.00,
3818,8.25,0.00,2.00,
3819,237.75,812.00,0.38,
3820,2.00,0.00,2.00,
3821,280.00,815.00,0.37,
3822,1.00,0.00,2.00,
3823,213.50,799.00,0.40,
3824,268.25,762.00,0.48,
3825,2.25,0.00,2.00,
3826,6.25,0.00,2.00,
3827,14.25,0.00,2.00,
3828,230.00,828.00,0.34,
3829,16.25,0.00,2.00,
3830,227.50,820.00,0.36,
3831,215.00,787.00,0.43,
3832,7.00,1.00,2.00,
3833,237.25,801.00,0.40,
3834,369.75,792.00,0.42,
3835,234.00,831.00,0.34,
3836,1.50,0.00,2.00,
3837,6.50,0.00,2.00,
3838,296.25,791.00,0.42,
3839,309.25,729.00,0.54,
3840,10.75,3.00,1.99,
3841,4.75,0.00,2.00,
3842,10.50,0.00,2.00,
3843,223.75,777.00,0.45,
3844,264.25,812.00,0.38,
3845,1.50,0.00,2.00,
3846,246.50,826.00,0.35,
3847,22.75,0.00,2.00,
3848,239.50,800.00,0.40,
3849,223.00,746.00,0.51,
3850,7.75,1.00,2.00,
3851,296.00,782.00,0.44,
3852,276.75,808.00,0.38,
3853,214.75,780.00,0.44,
3854,302.25,826.00,0.35,
3855,299.50,812.00,0.38,
3856,273.25,814.00,0.37,
3857,211.25,703.00,0.59,
3858,0.75,0.00,2.00,
3859,8.75,0.00,2.00,
3860,247.50,800.00,0.40,
3861,1.50,0.00,2.00,
3862,12.00,1.00,2.00,
3863,261.50,805.00,0.39,
3864,251.50,840.00,0.32,
3865,1.25,0.00,2.00,
3866,3.00,0.00,2.00,
3867,261.25,799.00,0.40,
3868,4.25,0.00,2.00,
3869,3.50,0.00,2.00,
3870,232.00,782.00,0.44,
3871,1.25,0.00,2.00,
3872,273.50,788.00,0.42,
3873,257.75,803.00,0.39,
3874,250.50,831.00,0.34,
3875,19.50,1.00,2.00,
3876,9.25,2.00,2.00,
3877,238.75,829.00,0.34,
3878,255.25,828.00,0.34,
3879,237.50,802.00,0.40,
3880,2.75,1.00,2.00,
3881,6.25,0.00,2.00,
3882,12.00,1.00,2.00,
3883,32.75,3.00,1.99,
3884,1.25,0.00,2.00,
3885,15.75,2.00,2.00,
3886,241.50,827.00,0.35,
3887,0.75,0.00,2.00,
3888,9.50,1.00,2.00,
3889,271.75,805.00,0.39,
3890,12.75,2.00,2.00,
3891,4.50,0.00,2.00,
3892,21.50,2.00,2.00,
3893,228.25,803.00,0.39,
3894,2.75,1.00,2.00,
3895,308.50,782.00,0.44,
3896,264.25,804.00,0.39,
3897,16.50,1.00,2.00,
3898,313.75,813.00,0.37,
3899,1.75,0.00,2.00,
3900,201.75,799.00,0.40,
3901,333.75,790.00,0.42,
3902,243.25,842.00,0.32,
3903,57.75,10.00,1.98,
3904,2.75,0.00,2.00,
3905,1.25,0.00,2.00,
3906,0.25,0.00,2.00,
3907,2.75,0.00,2.00,
3908,16.75,0.00,2.00,
3909,35.00,4.00,1.99,
3910,203.50,791.00,0.42,
3911,11.00,0.00,2.00,
3912,3.50,0.00,2.00,
3913,225.50,806.00,0.39,
3914,1.00,0.00,2.00,
3915,7.50,0.00,2.00,
3916,281.25,811.00,0.38,
3917,14.50,0.00,2.00,
3918,176.75,819.00,0.36,
3919,276.75,825.00,0.35,
3920,306.00,829.00,0.34,
3921,218.00,840.00,0.32,
3922,20.75,1.00,2.00,
3923,233.25,829.00,0.34,
3924,276.75,806.00,0.39,
3925,195.50,799.00,0.40,
3926,216.00,800.00,0.40,
3927,222.00,725.00,0.55,
3928,228.50,791.00,0.42,
3929,0.50,0.00,2.00,
3930,4.50,0.00,2.00,
3931,0.75,0.00,2.00,
3932,7.75,0.00,2.00,
3933,261.00,804.00,0.39,
3934,250.25,839.00,0.32,
3935,2.25,0.00,2.00,
3936,3.00,0.00,2.00,
3937,2.50,0.00,2.00,
3938,194.00,823.00,0.35,
3939,1.00,0.00,2.00,
3940,2.00,0.00,2.00,
3941,234.00,825.00,0.35,
3942,17.50,1.00,2.00,
3943,283.75,825.00,0.35,
3944,15.00,5.00,1.99,
3945,263.25,763.00,0.47,
3946,222.50,698.00,0.60,
3947,254.50,830.00,0.34,
3948,7.00,1.00,2.00,
3949,0.75,0.00,2.00,
3950,10.75,0.00,2.00,
3951,168.25,808.00,0.38,
3952,263.00,818.00,0.36,
3953,2.25,0.00,2.00,
3954,7.50,0.00,2.00,
3955,253.50,783.00,0.43,
3956,0.50,0.00,2.00,
3957,14.50,0.00,2.00,
3958,25.00,5.00,1.99,
3959,37.75,2.00,2.00,
3960,311.00,797.00,0.41,
3961,1.75,0.00,2.00,
3962,238.00,797.00,0.41,
3963,309.00,770.00,0.46,
3964,2.25,0.00,2.00,
3965,239.25,763.00,0.47,
3966,13.50,0.00,2.00,
3967,4.00,0.00,2.00,
3968,28.75,3.00,1.99,
3969,233.75,704.00,0.59,
3970,12.75,1.00,2.00,
3971,5.50,0.00,2.00,
3972,4.75,1.00,2.00,
3973,2.25,0.00,2.00,
3974,12.75,1.00,2.00,
3975,263.00,810.00,0.38,
3976,198.00,806.00,0.39,
3977,7.25,0.00,2.00,
3978,1.00,0.00,2.00,
3979,291.25,782.00,0.44,
3980,239.00,791.00,0.42,
3981,218.00,774.00,0.45,
3982,222.75,802.00,0.40,
3983,232.75,797.00,0.41,
3984,13.75,2.00,2.00,
3985,21.75,0.00,2.00,
3986,9.25,0.00,2.00,
3987,211.75,826.00,0.35,
3988,274.50,820.00,0.36,
3989,293.00,814.00,0.37,
3990,11.00,5.00,1.99,
3991,364.75,807.00,0.39,
3992,3.25,0.00,2.00,
3993,227.50,833.00,0.33,
3994,264.00,827.00,0.35,
3995,1.75,0.00,2.00,
3996,267.75,794.00,0.41,
3997,212.00,764.00,0.47,
3998,221.50,813.00,0.37,
3999,263.50,856.00,0.29,
4000,341.50,772.00,0.46,
4001,237.00,805.00,0.39,
4002,6.75,1.00,2.00,
4003,235.50,826.00,0.35,
4004,215.75,796.00,0.41,
4005,244.50,813.00,0.37,
4006,287.25,808.00,0.38,
4007,300.50,780.00,0.44,
4008,194.75,772.00,0.46,
4009,6.00,0.00,2.00,
4010,1.50,0.00,2.00,
4011,280.00,786.00,0.43,
4012,227.75,842.00,0.32,
4013,1.50,0.00,2.00,
4014,3.00,0.00,2.00,
4015,255.50,793.00,0.41,
4016,7.00,0.00,2.00,
4017,4.25,0.00,2.00,
4018,338.50,782.00,0.44,
4019,269.25,762.00,0.48,
4020,322.50,818.00,0.36,
4021,9.50,0.00,2.00,
4022,193.00,828.00,0.34,
4023,219.75,820.00,0.36,
4024,231.75,806.00,0.39,
4025,9.50,0.00,2.00,
4026,19.25,5.00,1.99,
4027,227.75,824.00,0.35,
4028,208.00,822.00,0.36,
4029,14.25,3.00,1.99,
4030,219.75,783.00,0.43,
4031,23.00,1.00,2.00,
4032,259.25,787.00,0.43,
4033,33.25,2.00,2.00,
4034,0.75,0.00,2.00,
4035,53.00,10.00,1.98,
4036,201.75,787.00,0.43,
4037,224.00,759.00,0.48,
4038,208.75,825.00,0.35,
4039,2.00,0.00,2.00,
4040,18.50,1.00,2.00,
4041,222.50,812.00,0.38,
4042,318.50,815.00,0.37,
4043,7.00,0.00,2.00,
4044,19.75,0.00,2.00,
4045,0.50,0.00,2.00,
4046,14.00,3.00,1.99,
4047,5.50,1.00,2.00,
4048,211.25,795.00,0.41,
4049,235.25,793.00,0.41,
4050,205.00,799.00,0.40,
4051,14.75,2.00,2.00,
4052,247.25,787.00,0.43,
4053,7.75,0.00,2.00,
4054,3.75,0.00,2.00,
4055,0.75,0.00,2.00,
4056,1.50,0.00,2.00,
4057,4.25,0.00,2.00,
4058,1.00,0.00,2.00,
4059,6.50,0.00,2.00,
4060,5.50,1.00,2.00,
4061,19.25,0.00,2.00,
4062,228.00,839.00,0.32,
4063,1.25,0.00,2.00,
4064,225.50,771.00,0.46,
4065,262.25,789.00,0.42,
4066,6.75,0.00,2.00,
4067,0.50,0.00,2.00,
4068,40.50,2.00,2.00,
4069,257.50,811.00,0.38,
4070,0.50,0.00,2.00,
4071,232.50,802.00,0.40,
4072,227.25,765.00,0.47,
4073,7.00,0.00,2.00,
4074,5.00,1.00,2.00,
4075,4.50,0.00,2.00,
4076,0.75,0.00,2.00,
4077,1.75,0.00,2.00,
4078,182.00,803.00,0.39,
4079,207.25,808.00,0.38,
4080,245.75,761.00,0.48,
4081,16.75,2.00,2.00,
4082,316.25,810.00,0.38,
4083,226.75,819.00,0.36,
4084,257.50,789.00,0.42,
4085,254.00,807.00,0.39,
4086,172.75,824.00,0.35,
4087,290.25,798.00,0.40,
4088,8.75,1.00,2.00,
4089,4.50,0.00,2.00,
4090,3.25,0.00,2.00,
4091,3.25,0.00,2.00,
4092,289.50,783.00,0.43,
4093,250.75,810.00,0.38,
4094,269.25,817.00,0.37,
4095,328.25,800.00,0.40,
4096,5.25,0.00,2.00,
4097,0.50,0.00,2.00,
4098,262.25,786.00,0.43,
4099,1.50,0.00,2.00,
4100,243.75,798.00,0.40,
4101,233.75,793.00,0.41,
4102,2.75,0.00,2.00,
4103,248.25,824.00,0.35,
4104,6.50,0.00,2.00,
4105,10.00,0.00,2.00,
4106,221.25,839.00,0.32,
4107,254.75,807.00,0.39,
4108,20.75,4.00,1.99,
4109,5.50,0.00,2.00,
4110,19.50,0.00,2.00,
4111,233.25,856.00,0.29,
4112,2.50,0.00,2.00,
4113,258.25,802.00,0.40,
4114,228.00,766.00,0.47,
4115,198.25,791.00,0.42,
4116,245.25,792.00,0.42,
4117,203.00,826.00,0.35,
4118,190.50,740.00,0.52,
4119,288.00,816.00,0.37,
4120,6.25,0.00,2.00,
4121,2.25,0.00,2.00,
4122,255.50,773.00,0.45,
4123,222.25,791.00,0.42,
4124,14.00,0.00,2.00,
4125,6.75,0.00,2.00,
4126,254.50,733.00,0.53,
4127,212.50,846.00,0.31,
4128,48.25,13.00,1.97,
4129,19.50,0.00,2.00,
4130,2.25,0.00,2.00,
4131,18.00,2.00,2.00,
4132,254.25,837.00,0.33,
4133,302.75,814.00,0.37,
4134,206.00,810.00,0.38,
4135,2.25,0.00,2.00,
4136,16.75,1.00,2.00,
4137,1.00,0.00,2.00,
4138,2.50,0.00,2.00,
4139,1.75,0.00,2.00,
4140,6.00,0.00,2.00,
4141,326.75,781.00,0.44,
4142,239.50,824.00,0.35,
4143,2.50,0.00,2.00,
4144,295.75,799.00,0.40,
4145,2.00,0.00,2.00,
4146,294.00,668.00,0.66,
4147,1.25,0.00,2.00,
4148,219.25,794.00,0.41,
4149,392.50,812.00,0.38,
4150,10.75,0.00,2.00,
4151,14.00,1.00,2.00,
4152,271.00,798.00,0.40,
4153,240.25,805.00,0.39,
4154,4.50,0.00,2.00,
4155,45.25,2.00,2.00,
4156,0.25,0.00,2.00,
4157,2.00,0.00,2.00,
4158,1.75,0.00,2.00,
4159,43.75,3.00,1.99,
4160,255.75,789.00,0.42,
4161,3.25,1.00,2.00,
4162,286.50,796.00,0.41,
4163,4.50,0.00,2.00,
4164,236.75,798.00,0.40,
4165,5.25,0.00,2.00,
4166,12.75,0.00,2.00,
4167,256.75,759.00,0.48,
4168,237.75,755.00,0.49,
4169,301.75,793.00,0.41,
4170,212.75,775.00,0.45,
4171,207.50,823.00,0.35,
4172,13.00,0.00,2.00,
4173,22.50,5.00,1.99,
4174,11.50,1.00,2.00,
4175,3.00,0.00,2.00,
4176,313.00,768.00,0.46,
4177,0.50,0.00,2.00,
4178,306.50,786.00,0.43,
4179,15.00,2.00,2.00,
4180,183.00,821.00,0.36,
4181,0.75,0.00,2.00,
4182,9.25,0.00,2.00,
4183,14.00,3.00,1.99,
4184,6.00,0.00,2.00,
4185,239.00,772.00,0.46,
4186,258.00,835.00,0.33,
4187,1.50,0.00,2.00,
4188,20.00,2.00,2.00,
4189,13.25,0.00,2.00,
4190,5.00,0.00,2.00,
4191,227.75,784.00,0.43,
4192,204.50,781.00,0.44,
4193,280.75,819.00,0.36,
4194,270.25,803.00,0.39,
4195,242.00,837.00,0.33,
4196,0.25,0.00,2.00,
4197,3.00,0.00,2.00,
4198,233.00,776.00,0.45,
4199,233.25,759.00,0.48,
4200,255.75,828.00,0.34,
4201,6.00,1.00,2.00,
4202,293.00,810.00,0.38,
4203,3.00,0.00,2.00,
4204,204.50,825.00,0.35,
4205,5.25,0.00,2.00,
4206,2.00,0.00,2.00,
4207,17.75,2.00,2.00,
4208,215.25,778.00,0.44,
4209,1.00,0.00,2.00,
4210,280.25,831.00,0.34,
4211,2.25,0.00,2.00,
4212,4.25,0.00,2.00,
4213,3.25,0.00,2.00,
4214,264.75,806.00,0.39,
4215,235.50,764.00,0.47,
4216,16.25,2.00,2.00,
4217,281.25,826.00,0.35,
4218,250.25,764.00,0.47,
4219,5.00,0.00,2.00,
4220,176.50,768.00,0.46,
4221,34.00,2.00,2.00,
4222,262.75,807.00,0.39,
4223,310.50,800.00,0.40,
4224,225.00,803.00,0.39,
4225,14.75,1.00,2.00,
4226,257.25,840.00,0.32,
4227,218.25,793.00,0.41,
4228,43.00,8.00,1.98,
4229,202.75,779.00,0.44,
4230,4.25,0.00,2.00,
4231,4.75,0.00,2.00,
4232,2.75,0.00,2.00,
4233,312.25,792.00,0.42,
4234,49.25,8.00,1.98,
4235,217.50,809.00,0.38,
4236,218.25,805.00,0.39,
4237,282.50,821.00,0.36,
4238,245.75,809.00,0.38,
4239,298.25,833.00,0.33,
4240,230.75,843.00,0.31,
4241,0.50,0.00,2.00,
4242,271.00,810.00,0.38,
4243,6.50,1.00,2.00,
4244,0.75,0.00,2.00,
4245,25.00,3.00,1.99,
4246,1.00,0.00,2.00,
4247,0.25,0.00,2.00,
4248,274.00,773.00,0.45,
4249,236.50,811.00,0.38,
4250,11.00,0.00,2.00,
4251,235.75,799.00,0.40,
4252,273.50,755.00,0.49,
4253,13.00,1.00,2.00,
4254,21.00,1.00,2.00,
4255,336.00,781.00,0.44,
4256,244.75,783.00,0.43,
4257,7.50,0.00,2.00,
4258,253.25,803.00,0.39,
4259,2.75,0.00,2.00,
4260,2.00,0.00,2.00,
4261,218.00,845.00,0.31,
4262,270.75,824.00,0.35,
4263,18.00,3.00,1.99,
4264,23.00,0.00,2.00,
4265,244.50,760.00,0.48,
4266,269.50,807.00,0.39,
4267,248.50,824.00,0.35,
4268,3.50,0.00,2.00,
4269,2.25,0.00,2.00,
4270,215.00,748.00,0.50,
4271,210.00,775.00,0.45,
4272,254.50,846.00,0.31,
4273,257.00,801.00,0.40,
4274,2.25,0.00,2.00,
4275,7.75,0.00,2.00,
4276,14.25,0.00,2.00,
4277,262.25,826.00,0.35,
4278,340.50,824.00,0.35,
4279,301.00,837.00,0.33,
4280,4.50,0.00,2.00,
4281,349.75,837.00,0.33,
4282,242.25,877.00,0.25,
4283,0.50,0.00,2.00,
4284,207.00,772.00,0.46,
4285,275.00,766.00,0.47,
4286,9.50,2.00,2.00,
4287,362.25,808.00,0.38,
4288,275.50,794.00,0.41,
4289,276.50,804.00,0.39,
4290,8.25,1.00,2.00,
4291,1.50,0.00,2.00,
4292,206.50,828.00,0.34,
4293,51.25,5.00,1.99,
4294,4.25,0.00,2.00,
4295,252.75,803.00,0.39,
4296,273.50,811.00,0.38,
4297,213.50,832.00,0.34,
4298,2.50,0.00,2.00,
4299,289.75,814.00,0.37,
4300,314.50,827.00,0.35,
4301,13.75,0.00,2.00,
4302,22.75,2.00,2.00,
4303,249.75,750.00,0.50,
4304,9.50,0.00,2.00,
4305,0.75,0.00,2.00,
4306,0.50,0.00,2.00,
4307,7.75,0.00,2.00,
4308,21.00,1.00,2.00,
4309,7.25,0.00,2.00,
4310,275.50,786.00,0.43,
4311,239.00,818.00,0.36,
4312,11.75,0.00,2.00,
4313,6.25,0.00,2.00,
4314,1.25,0.00,2.00,
4315,257.75,824.00,0.35,
4316,13.00,1.00,2.00,
4317,206.25,796.00,0.41,
4318,18.00,5.00,1.99,
4319,26.00,5.00,1.99,
4320,9.50,0.00,2.00,
4321,1.00,0.00,2.00,
4322,228.50,809.00,0.38,
4323,216.75,807.00,0.39,
4324,240.25,840.00,0.32,
4325,261.75,815.00,0.37,
4326,224.00,822.00,0.36,
4327,21.25,3.00,1.99,
4328,289.25,769.00,0.46,
4329,2.50,0.00,2.00,
4330,238.25,780.00,0.44,
4331,8.75,0.00,2.00,
4332,10.00,0.00,2.00,
4333,0.25,0.00,2.00,
4334,0.50,0.00,2.00,
4335,23.00,4.00,1.99,
4336,3.50,0.00,2.00,
4337,3.25,0.00,2.00,
4338,4.25,0.00,2.00,
4339,3.75,0.00,2.00,
4340,3.50,0.00,2.00,
4341,263.50,801.00,0.40,
4342,267.50,769.00,0.46,
4343,44.75,3.00,1.99,
4344,0.50,0.00,2.00,
4345,233.50,765.00,0.47,
4346,276.50,807.00,0.39,
4347,29.25,0.00,2.00,
4348,258.00,785.00,0.43,
4349,217.50,778.00,0.44,
4350,229.00,810.00,0.38,
4351,285.00,818.00,0.36,
4352,288.00,788.00,0.42,
4353,346.75,770.00,0.46,
4354,6.00,0.00,2.00,
4355,227.50,805.00,0.39,
4356,257.00,813.00,0.37,
4357,17.00,2.00,2.00,
4358,263.25,824.00,0.35,
4359,240.50,831.00,0.34,
4360,5.25,0.00,2.00,
4361,208.25,817.00,0.37,
4362,241.25,830.00,0.34,
4363,19.50,2.00,2.00,
4364,0.25,0.00,2.00,
4365,300.75,776.00,0.45,
4366,1.00,0.00,2.00,
4367,205.75,846.00,0.31,
4368,62.25,13.00,1.97,
4369,288.25,814.00,0.37,
4370,284.75,794.00,0.41,
4371,2.25,0.00,2.00,
4372,265.25,769.00,0.46,
4373,2.25,0.00,2.00,
4374,2.50,0.00,2.00,
4375,253.50,830.00,0.34,
4376,230.50,805.00,0.39,
4377,243.00,798.00,0.40,
4378,268.75,748.00,0.50,
4379,1.25,0.00,2.00,
4380,275.50,821.00,0.36,
4381,19.50,1.00,2.00,
4382,1.25,0.00,2.00,
4383,3.00,0.00,2.00,
4384,4.25,0.00,2.00,
4385,6.25,0.00,2.00,
4386,217.50,764.00,0.47,
4387,315.00,786.00,0.43,
4388,238.50,811.00,0.38,
4389,4.50,0.00,2.00,
4390,209.00,796.00,0.41,
4391,304.00,807.00,0.39,
4392,235.00,778.00,0.44,
4393,102.00,10.00,1.98,
4394,3.75,0.00,2.00,
4395,7.00,0.00,2.00,
4396,44.75,4.00,1.99,
4397,190.75,782.00,0.44,
4398,362.75,807.00,0.39,
4399,269.00,765.00,0.47,
4400,256.50,828.00,0.34,
4401,7.00,0.00,2.00,
4402,255.75,770.00,0.46,
4403,32.00,5.00,1.99,
4404,19.75,1.00,2.00,
4405,6.75,1.00,2.00,
4406,244.00,811.00,0.38,
4407,7.50,1.00,2.00,
4408,293.50,746.00,0.51,
4409,22.75,0.00,2.00,
4410,3.25,0.00,2.00,
4411,3.75,0.00,2.00,
4412,212.50,836.00,0.33,
4413,251.50,809.00,0.38,
4414,15.50,2.00,2.00,
4415,4.25,0.00,2.00,
4416,196.75,797.00,0.41,
4417,292.00,768.00,0.46,
4418,30.25,5.00,1.99,
4419,2.50,0.00,2.00,
4420,4.25,1.00,2.00,
4421,337.75,810.00,0.38,
4422,184.25,830.00,0.34,
4423,1.25,0.00,2.00,
4424,258.25,778.00,0.44,
4425,315.75,832.00,0.34,
4426,1.50,0.00,2.00,
4427,219.25,793.00,0.41,
4428,2.00,0.00,2.00,
4429,219.00,827.00,0.35,
4430,245.75,784.00,0.43,
4431,9.75,0.00,2.00,
4432,269.00,825.00,0.35,
4433,20.00,2.00,2.00,
4434,0.25,0.00,2.00,
4435,0.25,0.00,2.00,
4436,296.50,784.00,0.43,
4437,205.50,732.00,0.54,
4438,245.50,809.00,0.38,
4439,240.25,874.00,0.25,
4440,214.25,819.00,0.36,
4441,10.25,2.00,2.00,
4442,1.75,0.00,2.00,
4443,5.50,0.00,2.00,
4444,277.75,811.00,0.38,
4445,205.50,780.00,0.44,
4446,8.75,0.00,2.00,
4447,17.00,2.00,2.00,
4448,237.75,836.00,0.33,
4449,0.25,0.00,2.00,
4450,242.00,823.00,0.35,
4451,6.50,1.00,2.00,
4452,275.75,758.00,0.48,
4453,23.00,3.00,1.99,
4454,12.00,0.00,2.00,
4455,180.25,807.00,0.39,
4456,13.00,1.00,2.00,
4457,211.50,844.00,0.31,
4458,51.00,2.00,2.00,
4459,1.50,0.00,2.00,
4460,0.75,0.00,2.00,
4461,268.00,763.00,0.47,
4462,1.00,0.00,2.00,
4463,14.25,0.00,2.00,
4464,219.75,842.00,0.32,
4465,14.75,1.00,2.00,
4466,2.50,0.00,2.00,
4467,12.00,0.00,2.00,
4468,217.75,780.00,0.44,
4469,6.75,0.00,2.00,
4470,1.25,0.00,2.00,
4471,30.00,2.00,2.00,
4472,306.25,801.00,0.40,
4473,199.75,777.00,0.45,
4474,292.50,790.00,0.42,
4475,365.25,789.00,0.42,
4476,263.00,766.00,0.47,
4477,3.75,1.00,2.00,
4478,215.00,827.00,0.35,
4479,245.25,772.00,0.46,
4480,14.75,2.00,2.00,
4481,194.50,789.00,0.42,
4482,0.50,0.00,2.00,
4483,255.25,825.00,0.35,
4484,243.50,794.00,0.41,
4485,0.75,0.00,2.00,
4486,226.75,781.00,0.44,
4487,2.00,0.00,2.00,
4488,1.25,0.00,2.00,
4489,23.50,2.00,2.00,
4490,223.00,803.00,0.39,
4491,212.50,816.00,0.37,
4492,13.50,2.00,2.00,
4493,257.75,778.00,0.44,
4494,254.50,816.00,0.37,
4495,4.50,0.00,2.00,
4496,13.25,0.00,2.00,
4497,0.50,0.00,2.00,
4498,280.50,802.00,0.40,
4499,8.00,1.00,2.00,
4500,6.00,0.00,2.00,
4501,264.00,815.00,0.37,
4502,18.00,0.00,2.00,
4503,265.00,839.00,0.32,
4504,3.00,0.00,2.00,
4505,441.50,789.00,0.42,
4506,205.75,775.00,0.45,
4507,299.50,816.00,0.37,
4508,280.75,821.00,0.36,
4509,411.25,800.00,0.40,
4510,14.50,0.00,2.00,
4511,11.50,1.00,2.00,
4512,16.75,1.00,2.00,
4513,0.75,0.00,2.00,
4514,5.75,0.00,2.00,
4515,2.25,0.00,2.00,
4516,3.25,0.00,2.00,
4517,238.00,793.00,0.41,
4518,0.25,0.00,2.00,
4519,18.75,0.00,2.00,
4520,227.50,802.00,0.40,
4521,15.75,4.00,1.99,
4522,183.25,793.00,0.41,
4523,362.00,812.00,0.38,
4524,26.50,4.00,1.99,
4525,258.00,838.00,0.32,
4526,283.25,807.00,0.39,
4527,209.50,788.00,0.42,
4528,10.75,0.00,2.00,
4529,18.75,2.00,2.00,
4530,249.75,822.00,0.36,
4531,235.00,847.00,0.31,
4532,20.00,0.00,2.00,
4533,272.75,774.00,0.45,
4534,251.00,818.00,0.36,
4535,1.00,0.00,2.00,
4536,13.75,3.00,1.99,
4537,262.50,811.00,0.38,
4538,251.50,835.00,0.33,
4539,239.50,771.00,0.46,
4540,1.50,0.00,2.00,
4541,45.00,4.00,1.99,
4542,5.00,1.00,2.00,
4543,20.50,0.00,2.00,
4544,249.75,848.00,0.30,
4545,12.75,0.00,2.00,
4546,12.00,0.00,2.00,
4547,0.25,0.00,2.00,
4548,18.25,4.00,1.99,
4549,4.75,0.00,2.00,
4550,298.25,800.00,0.40,
4551,0.75,0.00,2.00,
4552,2.00,0.00,2.00,
4553,20.50,1.00,2.00,
4554,241.00,767.00,0.47,
4555,9.25,0.00,2.00,
4556,14.75,3.00,1.99,
4557,2.25,0.00,2.00,
4558,197.00,793.00,0.41,
4559,11.00,3.00,1.99,
4560,239.25,844.00,0.31,
4561,233.75,806.00,0.39,
4562,298.25,767.00,0.47,
4563,7.25,1.00,2.00,
4564,1.25,0.00,2.00,
4565,1.50,0.00,2.00,
4566,2.75,0.00,2.00,
4567,5.25,1.00,2.00,
4568,324.75,752.00,0.50,
4569,263.25,778.00,0.44,
4570,0.25,0.00,2.00,
4571,1.00,0.00,2.00,
4572,4.50,0.00,2.00,
4573,260.25,780.00,0.44,
4574,4.75,0.00,2.00,
4575,9.50,0.00,2.00,
4576,8.50,0.00,2.00,
4577,22.75,1.00,2.00,
4578,211.25,774.00,0.45,
4579,271.25,761.00,0.48,
4580,3.75,0.00,2.00,
4581,220.50,788.00,0.42,
4582,207.00,778.00,0.44,
4583,5.75,0.00,2.00,
4584,4.50,0.00,2.00,
4585,8.25,0.00,2.00,
4586,304.25,746.00,0.51,
4587,262.25,826.00,0.35,
4588,274.25,725.00,0.55,
4589,0.25,0.00,2.00,
4590,22.25,2.00,2.00,
4591,207.50,803.00,0.39,
4592,244.25,831.00,0.34,
4593,260.25,805.00,0.39,
4594,208.00,812.00,0.38,
4595,256.50,773.00,0.45,
4596,286.00,772.00,0.46,
4597,258.75,789.00,0.42,
4598,283.00,815.00,0.37,
4599,268.25,824.00,0.35,
4600,233.75,848.00,0.30,
4601,235.00,824.00,0.35,
4602,238.50,841.00,0.32,
4603,1.50,0.00,2.00,
4604,5.25,0.00,2.00,
4605,287.00,786.00,0.43,
4606,288.50,840.00,0.32,
4607,294.00,804.00,0.39,
4608,194.50,794.00,0.41,
4609,213.00,752.00,0.50,
4610,8.00,1.00,2.00,
4611,228.50,786.00,0.43,
4612,19.50,2.00,2.00,
4613,267.75,833.00,0.33,
4614,6.00,0.00,2.00,
4615,3.75,0.00,2.00,
4616,227.50,805.00,0.39,
4617,5.50,1.00,2.00,
4618,2.25,0.00,2.00,
4619,2.50,0.00,2.00,
4620,16.00,1.00,2.00,
4621,3.00,0.00,2.00,
4622,249.50,787.00,0.43,
4623,211.25,758.00,0.48,
4624,243.75,840.00,0.32,
4625,1.00,0.00,2.00,
4626,1.25,0.00,2.00,
4627,4.25,0.00,2.00,
4628,13.00,0.00,2.00,
4629,224.25,820.00,0.36,
4630,9.75,1.00,2.00,
4631,4.00,0.00,2.00,
4632,254.75,759.00,0.48,
4633,268.75,851.00,0.30,
4634,230.75,798.00,0.40,
4635,292.25,802.00,0.40,
4636,29.50,6.00,1.99,
4637,228.25,801.00,0.40,
4638,21.25,3.00,1.99,
4639,223.50,791.00,0.42,
4640,6.00,0.00,2.00,
4641,1.75,0.00,2.00,
4642,240.00,743.00,0.51,
4643,224.00,815.00,0.37,
4644,242.50,835.00,0.33,
4645,247.00,758.00,0.48,
4646,0.50,0.00,2.00,
4647,0.25,0.00,2.00,
4648,4.75,0.00,2.00,
4649,272.50,786.00,0.43,
4650,277.75,824.00,0.35,
4651,2.00,0.00,2.00,
4652,1.75,0.00,2.00,
4653,0.50,0.00,2.00,
4654,316.25,807.00,0.39,
4655,18.75,4.00,1.99,
4656,214.25,771.00,0.46,
4657,258.50,799.00,0.40,
4658,205.00,803.00,0.39,
4659,251.25,819.00,0.36,
4660,1.75,0.00,2.00,
4661,233.50,782.00,0.44,
4662,2.25,0.00,2.00,
4663,4.50,0.00,2.00,
4664,9.00,0.00,2.00,
4665,25.25,0.00,2.00,
4666,265.50,784.00,0.43,
4667,8.50,0.00,2.00,
4668,22.25,6.00,1.99,
4669,32.75,2.00,2.00,
4670,3.75,0.00,2.00,
4671,299.75,755.00,0.49,
4672,251.50,823.00,0.35,
4673,247.25,811.00,0.38,
4674,1.50,0.00,2.00,
4675,4.25,0.00,2.00,
4676,32.25,0.00,2.00,
4677,1.25,0.00,2.00,
4678,271.25,812.00,0.38,
4679,311.75,800.00,0.40,
4680,7.25,1.00,2.00,
4681,5.25,1.00,2.00,
4682,1.75,0.00,2.00,
4683,2.75,0.00,2.00,
4684,4.50,0.00,2.00,
4685,317.25,795.00,0.41,
4686,6.50,0.00,2.00,
4687,274.25,812.00,0.38,
4688,249.75,846.00,0.31,
4689,6.75,0.00,2.00,
4690,314.50,811.00,0.38,
4691,4.75,0.00,2.00,
4692,238.75,787.00,0.43,
4693,3.75,0.00,2.00,
4694,7.00,2.00,2.00,
4695,5.25,0.00,2.00,
4696,219.75,805.00,0.39,
4697,267.50,798.00,0.40,
4698,208.75,829.00,0.34,
4699,50.00,12.00,1.98,
4700,3.50,0.00,2.00,
4701,234.00,826.00,0.35,
4702,24.50,1.00,2.00,
4703,4.00,0.00,2.00,
4704,215.50,792.00,0.42,
4705,243.75,768.00,0.46,
4706,264.25,801.00,0.40,
4707,304.25,830.00,0.34,
4708,5.75,0.00,2.00,
4709,10.25,0.00,2.00,
4710,264.50,750.00,0.50,
4711,5.00,0.00,2.00,
4712,235.00,784.00,0.43,
4713,38.00,6.00,1.99,
4714,274.75,832.00,0.34,
4715,205.50,796.00,0.41,
4716,221.25,808.00,0.38,
4717,1.25,0.00,2.00,
4718,248.00,776.00,0.45,
4719,271.00,813.00,0.37,
4720,19.25,1.00,2.00,
4721,0.25,0.00,2.00,
4722,275.75,812.00,0.38,
4723,196.00,822.00,0.36,
4724,4.00,0.00,2.00,
4725,14.50,2.00,2.00,
4726,238.75,779.00,0.44,
4727,29.75,2.00,2.00,
4728,251.00,823.00,0.35,
4729,10.50,0.00,2.00,
4730,8.50,0.00,2.00,
4731,2.50,0.00,2.00,
4732,17.75,3.00,1.99,
4733,5.25,1.00,2.00,
4734,298.25,740.00,0.52,
4735,228.50,769.00,0.46,
4736,267.25,823.00,0.35,
4737,263.75,823.00,0.35,
4738,11.50,0.00,2.00,
4739,258.50,812.00,0.38,
4740,229.00,816.00,0.37,
4741,3.00,0.00,2.00,
4742,12.75,1.00,2.00,
4743,270.50,742.00,0.52,
4744,1.25,0.00,2.00,
4745,253.00,818.00,0.36,
4746,238.50,834.00,0.33,
4747,239.25,797.00,0.41,
4748,1.25,0.00,2.00,
4749,0.75,0.00,2.00,
4750,9.75,1.00,2.00,
4751,210.75,797.00,0.41,
4752,1.75,0.00,2.00,
4753,26.00,3.00,1.99,
4754,301.75,800.00,0.40,
4755,308.25,811.00,0.38,
4756,227.50,817.00,0.37,
4757,226.50,800.00,0.40,
4758,275.00,757.00,0.49,
4759,323.00,832.00,0.34,
4760,227.75,800.00,0.40,
4761,0.75,0.00,2.00,
4762,8.25,0.00,2.00,
4763,339.75,827.00,0.35,
4764,254.50,802.00,0.40,
4765,6.00,1.00,2.00,
4766,4.75,0.00,2.00,
4767,330.00,819.00,0.36,
4768,203.00,767.00,0.47,
4769,46.00,6.00,1.99,
4770,5.00,0.00,2.00,
4771,9.50,0.00,2.00,
4772,221.25,799.00,0.40,
4773,302.50,773.00,0.45,
4774,273.50,858.00,0.28,
4775,216.50,761.00,0.48,
4776,0.75,0.00,2.00,
4777,287.00,757.00,0.49,
4778,241.50,840.00,0.32,
4779,10.00,2.00,2.00,
4780,3.50,0.00,2.00,
4781,4.25,0.00,2.00,
4782,2.75,0.00,2.00,
4783,256.00,787.00,0.43,
4784,1.75,0.00,2.00,
4785,348.25,794.00,0.41,
4786,17.50,3.00,1.99,
4787,348.75,776.00,0.45,
4788,242.25,795.00,0.41,
4789,1.00,0.00,2.00,
4790,365.25,785.00,0.43,
4791,209.75,822.00,0.36,
4792,256.00,826.00,0.35,
4793,198.25,835.00,0.33,
4794,204.50,799.00,0.40,
4795,278.75,824.00,0.35,
4796,14.00,4.00,1.99,
4797,259.50,823.00,0.35,
4798,218.75,796.00,0.41,
4799,19.00,1.00,2.00,
4800,284.75,800.00,0.40,
4801,244.00,824.00,0.35,
4802,213.25,810.00,0.38,
4803,274.75,858.00,0.28,
4804,383.50,742.00,0.52,
4805,18.25,1.00,2.00,
4806,2.25,0.00,2.00,
4807,264.75,842.00,0.32,
4808,1.00,0.00,2.00,
4809,7.50,0.00,2.00,
4810,269.25,784.00,0.43,
4811,219.25,828.00,0.34,
4812,4.50,0.00,2.00,
4813,248.75,830.00,0.34,
4814,7.50,0.00,2.00,
4815,259.00,829.00,0.34,
4816,5.75,0.00,2.00,
4817,257.00,750.00,0.50,
4818,251.25,801.00,0.40,
4819,29.75,7.00,1.99,
4820,4.50,1.00,2.00,
4821,252.75,823.00,0.35,
4822,212.00,795.00,0.41,
4823,44.00,4.00,1.99,
4824,15.50,2.00,2.00,
4825,274.25,793.00,0.41,
4826,5.50,0.00,2.00,
4827,0.50,0.00,2.00,
4828,270.00,821.00,0.36,
4829,246.00,757.00,0.49,
4830,287.25,743.00,0.51,
4831,7.75,1.00,2.00,
4832,0.75,0.00,2.00,
4833,14.25,0.00,2.00,
4834,251.75,752.00,0.50,
4835,252.25,808.00,0.38,
4836,5.00,0.00,2.00,
4837,32.25,6.00,1.99,
4838,228.50,780.00,0.44,
4839,225.00,797.00,0.41,
4840,24.00,0.00,2.00,
4841,213.00,801.00,0.40,
4842,241.00,793.00,0.41,
4843,0.25,0.00,2.00,
4844,0.75,0.00,2.00,
4845,12.00,0.00,2.00,
4846,285.75,761.00,0.48,
4847,238.00,771.00,0.46,
4848,13.00,3.00,1.99,
4849,226.00,812.00,0.38,
4850,222.25,824.00,0.35,
4851,0.75,0.00,2.00,
4852,0.25,0.00,2.00,
4853,12.75,1.00,2.00,
4854,5.00,0.00,2.00,
4855,247.25,800.00,0.40,
4856,250.25,737.00,0.53,
4857,3.50,0.00,2.00,
4858,200.00,776.00,0.45,
4859,235.75,816.00,0.37,
4860,35.00,2.00,2.00,
4861,218.00,822.00,0.36,
4862,256.75,790.00,0.42,
4863,4.75,0.00,2.00,
4864,228.00,805.00,0.39,
4865,214.25,776.00,0.45,
4866,205.50,755.00,0.49,
4867,238.75,833.00,0.33,
4868,285.25,787.00,0.43,
4869,245.50,854.00,0.29,
4870,220.75,799.00,0.40,
4871,291.50,813.00,0.37,
4872,27.75,3.00,1.99,
4873,2.25,0.00,2.00,
4874,230.50,774.00,0.45,
4875,250.00,811.00,0.38,
4876,279.00,757.00,0.49,
4877,2.50,1.00,2.00,
4878,9.75,1.00,2.00,
4879,308.75,816.00,0.37,
4880,270.00,741.00,0.52,
4881,286.25,814.00,0.37,
4882,197.25,801.00,0.40,
4883,5.00,0.00,2.00,
4884,306.25,810.00,0.38,
4885,252.25,787.00,0.43,
4886,4.00,0.00,2.00,
4887,220.75,829.00,0.34,
4888,214.00,791.00,0.42,
4889,223.00,788.00,0.42,
4890,188.50,798.00,0.40,
4891,275.00,807.00,0.39,
4892,306.50,768.00,0.46,
4893,274.00,811.00,0.38,
4894,7.25,0.00,2.00,
4895,204.50,733.00,0.53,
4896,4.00,0.00,2.00,
4897,240.50,838.00,0.32,
4898,22.50,6.00,1.99,
4899,312.75,838.00,0.32,
4900,18.75,2.00,2.00,
4901,4.00,0.00,2.00,
4902,11.25,0.00,2.00,
4903,208.00,843.00,0.31,
4904,253.00,811.00,0.38,
4905,4.50,0.00,2.00,
4906,299.50,796.00,0.41,
4907,37.00,0.00,2.00,
4908,280.50,810.00,0.38,
4909,278.75,781.00,0.44,
4910,256.25,819.00,0.36,
4911,3.00,0.00,2.00,
4912,12.25,1.00,2.00,
4913,213.50,793.00,0.41,
4914,229.75,843.00,0.31,
4915,1.00,1.00,2.00,
4916,294.00,760.00,0.48,
4917,358.75,858.00,0.28,
4918,234.75,780.00,0.44,
4919,218.25,752.00,0.50,
4920,3.50,0.00,2.00,
4921,35.75,0.00,2.00,
4922,243.00,819.00,0.36,
4923,217.00,819.00,0.36,
4924,1.25,0.00,2.00,
4925,200.25,822.00,0.36,
4926,222.00,740.00,0.52,
4927,0.75,0.00,2.00,
4928,283.50,842.00,0.32,
4929,1.00,0.00,2.00,
4930,8.00,0.00,2.00,
4931,1.25,0.00,2.00,
4932,11.25,0.00,2.00,
4933,248.50,798.00,0.40,
4934,241.25,799.00,0.40,
4935,2.00,0.00,2.00,
4936,209.50,822.00,0.36,
4937,296.00,817.00,0.37,
4938,28.75,5.00,1.99,
4939,277.50,850.00,0.30,
4940,28.75,4.00,1.99,
4941,17.25,1.00,2.00,
4942,210.00,812.00,0.38,
4943,12.25,1.00,2.00,
4944,252.00,770.00,0.46,
4945,246.00,807.00,0.39,
4946,245.50,793.00,0.41,
4947,17.75,5.00,1.99,
4948,309.25,792.00,0.42,
4949,228.75,798.00,0.40,
4950,0.25,0.00,2.00,
4951,242.00,781.00,0.44,
4952,5.25,0.00,2.00,
4953,215.50,791.00,0.42,
4954,213.00,756.00,0.49,
4955,298.50,819.00,0.36,
4956,293.50,768.00,0.46,
4957,228.00,793.00,0.41,
4958,2.75,0.00,2.00,
4959,231.25,801.00,0.40,
4960,9.00,0.00,2.00,
4961,7.75,0.00,2.00,
4962,4.00,0.00,2.00,
4963,14.25,0.00,2.00,
4964,199.75,791.00,0.42,
4965,245.50,843.00,0.31,
4966,25.00,0.00,2.00,
4967,252.25,768.00,0.46,
4968,288.00,821.00,0.36,
4969,2.50,0.00,2.00,
4970,6.25,0.00,2.00,
4971,247.50,785.00,0.43,
4972,3.00,0.00,2.00,
4973,343.00,760.00,0.48,
4974,347.25,783.00,0.43,
4975,286.25,771.00,0.46,
4976,2.50,0.00,2.00,
4977,273.00,829.00,0.34,
4978,283.25,827.00,0.35,
4979,32.75,4.00,1.99,
4980,45.50,4.00,1.99,
4981,248.00,809.00,0.38,
4982,12.25,3.00,1.99,
4983,278.50,807.00,0.39,
4984,6.75,0.00,2.00,
4985,10.75,1.00,2.00,
4986,271.75,783.00,0.43,
4987,47.50,10.00,1.98,
4988,5.50,0.00,2.00,
4989,212.50,764.00,0.47,
4990,261.25,796.00,0.41,
4991,252.75,791.00,0.42,
4992,312.75,779.00,0.44,
4993,0.25,0.00,2.00,
4994,212.25,833.00,0.33,
4995,3.25,0.00,2.00,
4996,219.25,808.00,0.38,
4997,279.50,781.00,0.44,
4998,330.75,794.00,0.41,
4999,261.50,843.00,0.31,
5000,386.00,806.00,0.39,
5001,1.25,0.00,2.00,
5002,1.50,0.00,2.00,
5003,207.25,762.00,0.48,
5004,255.00,791.00,0.42,
5005,12.75,2.00,2.00,
5006,230.75,813.00,0.37,
5007,225.00,805.00,0.39,
5008,267.50,847.00,0.31,
5009,221.00,828.00,0.34,
5010,0.25,0.00,2.00,
5011,3.50,0.00,2.00,
5012,4.00,0.00,2.00,
5013,227.75,772.00,0.46,
5014,297.00,751.00,0.50,
5015,0.75,0.00,2.00,
5016,16.75,1.00,2.00,
5017,449.50,734.00,0.53,
5018,239.25,825.00,0.35,
5019,334.00,813.00,0.37,
5020,2.25,0.00,2.00,
5021,3.50,1.00,2.00,
5022,7.25,0.00,2.00,
5023,3.50,0.00,2.00,
5024,4.50,1.00,2.00,
5025,0.50,0.00,2.00,
5026,4.75,0.00,2.00,
5027,1.50,0.00,2.00,
5028,245.75,777.00,0.45,
5029,14.00,0.00,2.00,
5030,243.25,713.00,0.57,
5031,217.50,777.00,0.45,
5032,32.75,1.00,2.00,
5033,5.50,0.00,2.00,
5034,7.25,0.00,2.00,
5035,231.50,823.00,0.35,
5036,0.75,0.00,2.00,
5037,370.50,817.00,0.37,
5038,263.00,770.00,0.46,
5039,5.00,0.00,2.00,
5040,34.25,4.00,1.99,
5041,205.50,797.00,0.41,
5042,3.00,1.00,2.00,
5043,216.50,830.00,0.34,
5044,258.25,791.00,0.42,
5045,231.25,796.00,0.41,
5046,220.75,818.00,0.36,
5047,282.75,743.00,0.51,
5048,264.00,834.00,0.33,
5049,8.50,0.00,2.00,
5050,214.50,836.00,0.33,
5051,212.25,810.00,0.38,
5052,15.75,1.00,2.00,
5053,261.00,787.00,0.43,
5054,290.00,785.00,0.43,
5055,14.25,0.00,2.00,
5056,197.25,785.00,0.43,
5057,192.75,801.00,0.40,
5058,255.75,826.00,0.35,
5059,263.75,756.00,0.49,
5060,210.50,845.00,0.31,
5061,356.00,774.00,0.45,
5062,315.75,832.00,0.34,
5063,1.25,0.00,2.00,
5064,254.00,809.00,0.38,
5065,215.50,808.00,0.38,
5066,7.75,0.00,2.00,
5067,11.75,0.00,2.00,
5068,7.25,0.00,2.00,
5069,265.00,815.00,0.37,
5070,249.75,826.00,0.35,
5071,1.25,0.00,2.00,
5072,181.25,803.00,0.39,
5073,241.25,782.00,0.44,
5074,234.50,805.00,0.39,
5075,20.00,0.00,2.00,
5076,8.25,0.00,2.00,
5077,26.50,3.00,1.99,
5078,207.25,803.00,0.39,
5079,2.50,0.00,2.00,
5080,231.25,755.00,0.49,
5081,303.25,785.00,0.43,
5082,218.50,817.00,0.37,
5083,279.00,776.00,0.45,
5084,258.50,796.00,0.41,
5085,256.25,767.00,0.47,
5086,29.75,1.00,2.00,
5087,2.00,0.00,2.00,
5088,26.25,4.00,1.99,
5089,245.00,782.00,0.44,
5090,8.25,0.00,2.00,
5091,14.75,2.00,2.00,
5092,370.50,817.00,0.37,
5093,1.00,0.00,2.00,
5094,9.25,0.00,2.00,
5095,261.00,809.00,0.38,
5096,8.25,0.00,2.00,
5097,7.75,1.00,2.00,
5098,6.75,0.00,2.00,
5099,305.00,783.00,0.43,
5100,2.00,0.00,2.00,
5101,7.25,0.00,2.00,
5102,226.00,849.00,0.30,
5103,21.50,1.00,2.00,
5104,2.00,0.00,2.00,
5105,280.75,799.00,0.40,
5106,9.00,1.00,2.00,
5107,326.00,810.00,0.38,
5108,213.50,779.00,0.44,
5109,236.25,787.00,0.43,
5110,274.75,792.00,0.42,
5111,303.75,858.00,0.28,
5112,251.50,808.00,0.38,
5113,14.25,1.00,2.00,
5114,4.00,0.00,2.00,
5115,0.75,0.00,2.00,
5116,1.50,0.00,2.00,
5117,2.25,0.00,2.00,
5118,257.25,829.00,0.34,
5119,21.75,4.00,1.99,
5120,9.50,0.00,2.00,
5121,199.00,814.00,0.37,
5122,263.50,772.00,0.46,
5123,4.50,0.00,2.00,
5124,213.75,806.00,0.39,
5125,1.00,0.00,2.00,
5126,12.50,2.00,2.00,
5127,8.00,1.00,2.00,
5128,8.75,0.00,2.00,
5129,254.75,810.00,0.38,
5130,16.25,2.00,2.00,
5131,3.50,0.00,2.00,
5132,28.00,1.00,2.00,
5133,246.75,834.00,0.33,
5134,1.75,1.00,2.00,
5135,5.25,0.00,2.00,
5136,1.00,0.00,2.00,
5137,299.00,775.00,0.45,
5138,5.25,0.00,2.00,
5139,240.50,810.00,0.38,
5140,238.50,799.00,0.40,
5141,214.50,809.00,0.38,
5142,254.50,741.00,0.52,
5143,3.50,0.00,2.00,
5144,71.00,18.00,1.96,
5145,250.75,799.00,0.40,
5146,282.75,797.00,0.41,
5147,230.75,849.00,0.30,
5148,10.50,0.00,2.00,
5149,351.50,825.00,0.35,
5150,3.25,0.00,2.00,
5151,273.25,771.00,0.46,
5152,254.50,745.00,0.51,
5153,268.50,740.00,0.52,
5154,274.25,803.00,0.39,
5155,5.25,0.00,2.00,
5156,9.75,2.00,2.00,
5157,33.50,5.00,1.99,
5158,213.00,812.00,0.38,
5159,7.25,1.00,2.00,
5160,226.00,803.00,0.39,
5161,6.25,0.00,2.00,
5162,11.00,0.00,2.00,
5163,12.75,0.00,2.00,
5164,1.00,0.00,2.00,
5165,6.25,0.00,2.00,
5166,6.75,0.00,2.00,
5167,7.00,0.00,2.00,
5168,0.25,0.00,2.00,
5169,11.50,0.00,2.00,
5170,4.75,0.00,2.00,
5171,261.75,850.00,0.30,
5172,203.75,831.00,0.34,
5173,360.00,779.00,0.44,
5174,320.00,773.00,0.45,
5175,231.50,816.00,0.37,
5176,249.00,790.00,0.42,
5177,8.75,0.00,2.00,
5178,258.50,745.00,0.51,
5179,17.75,2.00,2.00,
5180,251.75,803.00,0.39,
5181,4.75,0.00,2.00,
5182,10.00,0.00,2.00,
5183,3.75,0.00,2.00,
5184,260.75,807.00,0.39,
5185,289.00,810.00,0.38,
5186,228.75,815.00,0.37,
5187,4.75,0.00,2.00,
5188,7.25,1.00,2.00,
5189,0.25,0.00,2.00,
5190,253.25,792.00,0.42,
5191,281.50,757.00,0.49,
5192,1.50,0.00,2.00,
5193,0.75,0.00,2.00,
5194,8.25,0.00,2.00,
5195,6.50,0.00,2.00,
5196,10.75,1.00,2.00,
5197,282.25,791.00,0.42,
5198,5.25,0.00,2.00,
5199,0.25,0.00,2.00,
5200,186.00,809.00,0.38,
5201,188.75,827.00,0.35,
5202,4.75,0.00,2.00,
5203,202.00,785.00,0.43,
5204,1.00,0.00,2.00,
5205,283.00,822.00,0.36,
5206,191.75,841.00,0.32,
5207,331.25,752.00,0.50,
5208,10.00,1.00,2.00,
5209,2.75,0.00,2.00,
5210,242.25,783.00,0.43,
5211,1.50,0.00,2.00,
5212,276.00,777.00,0.45,
5213,13.00,1.00,2.00,
5214,9.00,1.00,2.00,
5215,32.75,8.00,1.98,
5216,0.50,0.00,2.00,
5217,13.75,3.00,1.99,
5218,18.25,0.00,2.00,
5219,2.25,0.00,2.00,
5220,202.75,798.00,0.40,
5221,3.50,0.00,2.00,
5222,286.00,813.00,0.37,
5223,3.75,0.00,2.00,
5224,0.25,0.00,2.00,
5225,227.50,825.00,0.35,
5226,287.75,748.00,0.50,
5227,272.25,785.00,0.43,
5228,293.00,811.00,0.38,
5229,214.25,781.00,0.44,
5230,9.25,1.00,2.00,
5231,15.25,3.00,1.99,
5232,5.25,0.00,2.00,
5233,270.00,843.00,0.31,
5234,201.00,817.00,0.37,
5235,194.50,868.00,0.26,
5236,237.25,766.00,0.47,
5237,274.25,840.00,0.32,
5238,222.25,763.00,0.47,
5239,2.00,0.00,2.00,
5240,252.25,790.00,0.42,
5241,223.00,850.00,0.30,
5242,344.50,795.00,0.41,
5243,10.00,0.00,2.00,
5244,224.25,821.00,0.36,
5245,183.25,791.00,0.42,
5246,228.25,745.00,0.51,
5247,220.25,796.00,0.41,
5248,7.75,0.00,2.00,
5249,299.25,796.00,0.41,
5250,301.00,823.00,0.35,
5251,25.75,2.00,2.00,
5252,297.50,822.00,0.36,
5253,12.25,0.00,2.00,
5254,9.50,3.00,1.99,
5255,8.25,0.00,2.00,
5256,0.25,0.00,2.00,
5257,2.50,0.00,2.00,
5258,235.75,749.00,0.50,
5259,252.25,847.00,0.31,
5260,294.25,781.00,0.44,
5261,9.75,1.00,2.00,
5262,8.50,0.00,2.00,
5263,224.25,824.00,0.35,
5264,4.00,0.00,2.00,
5265,235.75,780.00,0.44,
5266,271.75,829.00,0.34,
5267,1.00,0.00,2.00,
5268,301.00,768.00,0.46,
5269,8.75,0.00,2.00,
5270,232.25,830.00,0.34,
5271,265.75,769.00,0.46,
5272,228.75,827.00,0.35,
5273,268.25,813.00,0.37,
5274,248.25,808.00,0.38,
5275,9.25,0.00,2.00,
5276,256.00,811.00,0.38,
5277,14.50,2.00,2.00,
5278,232.00,803.00,0.39,
5279,2.00,1.00,2.00,
5280,272.50,773.00,0.45,
5281,244.25,724.00,0.55,
5282,7.25,0.00,2.00,
5283,26.75,3.00,1.99,
5284,4.25,1.00,2.00,
5285,12.75,2.00,2.00,
5286,4.25,0.00,2.00,
5287,205.50,792.00,0.42,
5288,29.25,4.00,1.99,
5289,43.50,11.00,1.98,
5290,232.75,768.00,0.46,
5291,1.00,0.00,2.00,
5292,257.75,803.00,0.39,
5293,227.25,811.00,0.38,
5294,0.50,0.00,2.00,
5295,221.00,830.00,0.34,
5296,251.25,743.00,0.51,
5297,2.25,0.00,2.00,
5298,6.25,0.00,2.00,
5299,1.75,0.00,2.00,
5300,281.25,798.00,0.40,
5301,0.75,0.00,2.00,
5302,243.00,849.00,0.30,
5303,4.00,0.00,2.00,
5304,3.50,0.00,2.00,
5305,252.75,801.00,0.40,
5306,21.50,0.00,2.00,
5307,3.25,0.00,2.00,
5308,213.75,827.00,0.35,
5309,210.25,801.00,0.40,
5310,0.75,0.00,2.00,
5311,314.00,827.00,0.35,
5312,273.00,786.00,0.43,
5313,218.50,767.00,0.47,
5314,5.00,0.00,2.00,
5315,6.75,2.00,2.00,
5316,256.00,787.00,0.43,
5317,1.00,0.00,2.00,
5318,6.25,2.00,2.00,
5319,222.00,823.00,0.35,
5320,26.75,2.00,2.00,
5321,5.50,0.00,2.00,
5322,4.00,1.00,2.00,
5323,217.25,805.00,0.39,
5324,263.50,778.00,0.44,
5325,28.75,6.00,1.99,
5326,252.75,799.00,0.40,
5327,10.25,1.00,2.00,
5328,2.50,0.00,2.00,
5329,251.00,773.00,0.45,
5330,255.50,836.00,0.33,
5331,236.00,742.00,0.52,
5332,0.75,0.00,2.00,
5333,3.25,0.00,2.00,
5334,2.00,0.00,2.00,
5335,45.50,9.00,1.98,
5336,268.75,820.00,0.36,
5337,231.50,841.00,0.32,
5338,264.25,749.00,0.50,
5339,2.75,0.00,2.00,
5340,369.00,781.00,0.44,
5341,483.00,785.00,0.43,
5342,51.75,6.00,1.99,
5343,238.00,802.00,0.40,
5344,2.50,0.00,2.00,
5345,206.75,823.00,0.35,
5346,275.75,843.00,0.31,
5347,0.50,0.00,2.00,
5348,0.75,0.00,2.00,
5349,315.50,809.00,0.38,
5350,45.50,4.00,1.99,
5351,3.25,0.00,2.00,
5352,1.50,0.00,2.00,
5353,202.00,792.00,0.42,
5354,0.50,0.00,2.00,
5355,243.25,774.00,0.45,
5356,2.00,0.00,2.00,
5357,5.25,1.00,2.00,
5358,267.25,740.00,0.52,
5359,368.50,815.00,0.37,
5360,20.25,1.00,2.00,
5361,6.25,0.00,2.00,
5362,201.50,820.00,0.36,
5363,1.75,0.00,2.00,
5364,233.25,825.00,0.35,
5365,360.25,770.00,0.46,
5366,281.50,792.00,0.42,
5367,2.00,0.00,2.00,
5368,1.75,0.00,2.00,
5369,11.75,1.00,2.00,
5370,240.75,828.00,0.34,
5371,199.00,808.00,0.38,
5372,232.25,758.00,0.48,
5373,339.00,741.00,0.52,
5374,347.75,841.00,0.32,
5375,4.25,0.00,2.00,
5376,317.25,776.00,0.45,
5377,40.75,4.00,1.99,
5378,2.75,0.00,2.00,
5379,264.75,847.00,0.31,
5380,33.25,6.00,1.99,
5381,219.25,797.00,0.41,
5382,243.25,812.00,0.38,
5383,233.50,813.00,0.37,
5384,208.75,819.00,0.36,
5385,28.25,6.00,1.99,
5386,13.75,0.00,2.00,
5387,230.25,786.00,0.43,
5388,212.75,769.00,0.46,
5389,2.00,0.00,2.00,
5390,291.00,803.00,0.39,
5391,267.50,809.00,0.38,
5392,237.00,747.00,0.51,
5393,205.75,838.00,0.32,
5394,193.00,846.00,0.31,
5395,1.00,0.00,2.00,
5396,0.25,0.00,2.00,
5397,21.50,4.00,1.99,
5398,1.25,0.00,2.00,
5399,17.25,3.00,1.99,
5400,17.25,0.00,2.00,
5401,19.00,1.00,2.00,
5402,215.00,771.00,0.46,
5403,215.00,823.00,0.35,
5404,4.50,0.00,2.00,
5405,1.50,0.00,2.00,
5406,15.00,0.00,2.00,
5407,1.50,0.00,2.00,
5408,190.25,789.00,0.42,
5409,265.25,813.00,0.37,
5410,256.00,790.00,0.42,
5411,230.75,764.00,0.47,
5412,255.00,801.00,0.40,
5413,283.00,856.00,0.29,
5414,1.75,0.00,2.00,
5415,0.25,0.00,2.00,
5416,232.75,820.00,0.36,
5417,242.25,797.00,0.41,
5418,287.25,805.00,0.39,
5419,314.50,844.00,0.31,
5420,272.50,763.00,0.47,
5421,10.75,0.00,2.00,
5422,1.50,0.00,2.00,
5423,290.00,826.00,0.35,
5424,1.00,0.00,2.00,
5425,271.25,819.00,0.36,
5426,250.00,794.00,0.41,
5427,1.50,0.00,2.00,
5428,0.75,0.00,2.00,
5429,280.25,771.00,0.46,
5430,4.00,0.00,2.00,
5431,3.00,0.00,2.00,
5432,4.00,0.00,2.00,
5433,235.25,781.00,0.44,
5434,0.75,0.00,2.00,
5435,25.75,2.00,2.00,
5436,19.25,0.00,2.00,
5437,7.25,1.00,2.00,
5438,229.75,813.00,0.37,
5439,257.75,775.00,0.45,
5440,4.25,0.00,2.00,
5441,197.25,791.00,0.42,
5442,16.00,0.00,2.00,
5443,259.25,810.00,0.38,
5444,6.25,0.00,2.00,
5445,309.25,812.00,0.38,
5446,1.00,0.00,2.00,
5447,4.50,0.00,2.00,
5448,0.50,0.00,2.00,
5449,288.75,806.00,0.39,
5450,1.25,0.00,2.00,
5451,213.25,801.00,0.40,
5452,288.50,748.00,0.50,
5453,12.75,0.00,2.00,
5454,270.50,834.00,0.33,
5455,25.50,0.00,2.00,
5456,1.50,0.00,2.00,
5457,0.75,0.00,2.00,
5458,250.75,796.00,0.41,
5459,255.25,813.00,0.37,
5460,0.25,0.00,2.00,
5461,15.25,2.00,2.00,
5462,233.00,791.00,0.42,
5463,274.50,827.00,0.35,
5464,14.25,1.00,2.00,
5465,286.50,763.00,0.47,
5466,343.50,801.00,0.40,
5467,10.50,0.00,2.00,
5468,1.00,0.00,2.00,
5469,226.00,841.00,0.32,
5470,275.50,816.00,0.37,
5471,239.25,779.00,0.44,
5472,2.50,0.00,2.00,
5473,245.25,729.00,0.54,
5474,341.75,834.00,0.33,
5475,2.00,0.00,2.00,
5476,29.50,0.00,2.00,
5477,228.75,806.00,0.39,
5478,4.00,0.00,2.00,
5479,1.50,0.00,2.00,
5480,6.25,1.00,2.00,
5481,22.25,2.00,2.00,
5482,293.50,766.00,0.47,
5483,25.50,1.00,2.00,
5484,242.25,775.00,0.45,
5485,241.50,793.00,0.41,
5486,10.00,1.00,2.00,
5487,5.75,0.00,2.00,
5488,2.25,0.00,2.00,
5489,336.50,731.00,0.54,
5490,5.25,0.00,2.00,
5491,205.50,782.00,0.44,
5492,19.00,1.00,2.00,
5493,10.75,0.00,2.00,
5494,2.50,0.00,2.00,
5495,8.50,3.00,1.99,
5496,39.75,3.00,1.99,
5497,2.50,0.00,2.00,
5498,8.00,1.00,2.00,
5499,223.75,784.00,0.43,
5500,254.75,816.00,0.37,
5501,3.75,0.00,2.00,
5502,247.75,788.00,0.42,
5503,13.00,1.00,2.00,
5504,14.75,1.00,2.00,
5505,2.75,0.00,2.00,
5506,259.25,779.00,0.44,
5507,8.25,0.00,2.00,
5508,6.00,0.00,2.00,
5509,223.25,791.00,0.42,
5510,205.50,801.00,0.40,
5511,259.25,783.00,0.43,
5512,2.75,0.00,2.00,
5513,284.00,779.00,0.44,
5514,2.00,0.00,2.00,
5515,234.50,773.00,0.45,
5516,222.25,823.00,0.35,
5517,21.50,0.00,2.00,
5518,203.50,769.00,0.46,
5519,255.50,752.00,0.50,
5520,2.75,0.00,2.00,
5521,298.75,840.00,0.32,
5522,203.25,796.00,0.41,
5523,242.75,738.00,0.52,
5524,3.00,0.00,2.00,
5525,218.00,773.00,0.45,
5526,6.00,0.00,2.00,
5527,228.50,788.00,0.42,
5528,0.25,0.00,2.00,
5529,8.50,2.00,2.00,
5530,316.75,796.00,0.41,
5531,62.25,6.00,1.99,
5532,255.50,779.00,0.44,
5533,226.00,775.00,0.45,
5534,46.00,5.00,1.99,
5535,1.00,0.00,2.00,
5536,315.25,773.00,0.45,
5537,0.75,0.00,2.00,
5538,264.00,777.00,0.45,
5539,263.25,811.00,0.38,
5540,262.75,838.00,0.32,
5541,11.50,1.00,2.00,
5542,8.25,0.00,2.00,
5543,199.75,831.00,0.34,
5544,13.25,0.00,2.00,
5545,250.75,763.00,0.47,
5546,189.50,823.00,0.35,
5547,4.75,0.00,2.00,
5548,35.00,8.00,1.98,
5549,19.00,4.00,1.99,
5550,323.50,801.00,0.40,
5551,225.75,802.00,0.40,
5552,4.00,0.00,2.00,
5553,1.75,0.00,2.00,
5554,32.00,4.00,1.99,
5555,10.25,1.00,2.00,
5556,11.00,0.00,2.00,
5557,271.50,805.00,0.39,
5558,49.75,11.00,1.98,
5559,33.25,4.00,1.99,
5560,198.50,750.00,0.50,
5561,244.00,798.00,0.40,
5562,7.25,0.00,2.00,
5563,0.50,0.00,2.00,
5564,1.00,0.00,2.00,
5565,37.00,0.00,2.00,
5566,239.25,804.00,0.39,
5567,5.75,0.00,2.00,
5568,281.75,826.00,0.35,
5569,243.25,802.00,0.40,
5570,5.75,0.00,2.00,
5571,216.00,802.00,0.40,
5572,214.25,842.00,0.32,
5573,205.25,793.00,0.41,
5574,303.75,746.00,0.51,
5575,199.00,799.00,0.40,
5576,270.25,781.00,0.44,
5577,243.75,782.00,0.44,
5578,221.75,827.00,0.35,
5579,1.25,0.00,2.00,
5580,14.25,1.00,2.00,
5581,250.25,860.00,0.28,
5582,297.75,803.00,0.39,
5583,9.25,4.00,1.99,
5584,57.50,13.00,1.97,
5585,2.00,0.00,2.00,
5586,249.00,824.00,0.35,
5587,1.25,0.00,2.00,
5588,34.25,2.00,2.00,
5589,241.25,765.00,0.47,
5590,312.75,809.00,0.38,
5591,260.50,796.00,0.41,
5592,15.00,0.00,2.00,
5593,15.00,1.00,2.00,
5594,16.75,1.00,2.00,
5595,7.00,0.00,2.00,
5596,0.75,0.00,2.00,
5597,313.75,823.00,0.35,
5598,262.50,856.00,0.29,
5599,1.50,0.00,2.00,
5600,325.25,806.00,0.39,
5601,12.00,4.00,1.99,
5602,9.00,2.00,2.00,
5603,3.50,0.00,2.00,
5604,349.25,780.00,0.44,
5605,210.25,823.00,0.35,
5606,0.25,0.00,2.00,
5607,53.00,10.00,1.98,
5608,8.75,0.00,2.00,
5609,238.75,780.00,0.44,
5610,247.50,789.00,0.42,
5611,203.00,725.00,0.55,
5612,246.50,818.00,0.36,
5613,236.75,833.00,0.33,
5614,289.75,818.00,0.36,
5615,4.00,0.00,2.00,
5616,228.25,774.00,0.45,
5617,1.50,0.00,2.00,
5618,3.00,0.00,2.00,
5619,3.00,0.00,2.00,
5620,21.00,5.00,1.99,
5621,279.00,779.00,0.44,
5622,226.75,820.00,0.36,
5623,344.25,773.00,0.45,
5624,1.50,0.00,2.00,
5625,259.25,792.00,0.42,
5626,70.00,22.00,1.96,
5627,219.50,749.00,0.50,
5628,24.50,0.00,2.00,
5629,224.25,763.00,0.47,
5630,35.25,3.00,1.99,
5631,16.00,2.00,2.00,
5632,247.00,784.00,0.43,
5633,6.00,0.00,2.00,
5634,11.75,1.00,2.00,
5635,0.25,0.00,2.00,
5636,0.25,0.00,2.00,
5637,5.50,0.00,2.00,
5638,16.25,0.00,2.00,
5639,210.25,843.00,0.31,
5640,2.25,0.00,2.00,
5641,276.50,763.00,0.47,
5642,239.25,803.00,0.39,
5643,3.25,0.00,2.00,
5644,25.00,3.00,1.99,
5645,6.50,0.00,2.00,
5646,254.75,721.00,0.56,
5647,178.75,806.00,0.39,
5648,4.50,0.00,2.00,
5649,2.50,0.00,2.00,
5650,9.25,1.00,2.00,
5651,1.00,0.00,2.00,
5652,5.25,0.00,2.00,
5653,29.75,6.00,1.99,
5654,335.25,834.00,0.33,
5655,10.50,0.00,2.00,
5656,216.75,805.00,0.39,
5657,186.25,779.00,0.44,
5658,6.25,0.00,2.00,
5659,0.75,0.00,2.00,
5660,3.25,0.00,2.00,
5661,1.75,0.00,2.00,
5662,264.00,842.00,0.32,
5663,268.75,842.00,0.32,
5664,1.00,0.00,2.00,
5665,271.50,794.00,0.41,
5666,1.75,0.00,2.00,
5667,20.50,3.00,1.99,
5668,240.00,843.00,0.31,
5669,275.75,756.00,0.49,
5670,260.50,799.00,0.40,
5671,26.50,1.00,2.00,
5672,4.75,0.00,2.00,
5673,3.50,0.00,2.00,
5674,23.25,2.00,2.00,
5675,4.25,0.00,2.00,
5676,234.50,823.00,0.35,
5677,0.50,0.00,2.00,
5678,209.25,803.00,0.39,
5679,253.00,804.00,0.39,
5680,214.75,825.00,0.35,
5681,223.50,804.00,0.39,
5682,268.50,773.00,0.45,
5683,7.25,0.00,2.00,
5684,295.00,845.00,0.31,
5685,260.50,811.00,0.38,
5686,239.50,753.00,0.49,
5687,2.75,0.00,2.00,
5688,0.25,0.00,2.00,
5689,246.00,808.00,0.38,
5690,5.25,0.00,2.00,
5691,2.00,0.00,2.00,
5692,33.25,2.00,2.00,
5693,223.75,844.00,0.31,
5694,212.25,814.00,0.37,
5695,282.50,790.00,0.42,
5696,329.00,830.00,0.34,
5697,245.50,816.00,0.37,
5698,234.50,769.00,0.46,
5699,232.50,782.00,0.44,
5700,246.75,779.00,0.44,
5701,226.75,724.00,0.55,
5702,3.50,1.00,2.00,
5703,256.25,814.00,0.37,
5704,262.50,813.00,0.37,
5705,4.75,0.00,2.00,
5706,290.25,806.00,0.39,
5707,12.00,2.00,2.00,
5708,289.50,750.00,0.50,
5709,252.50,827.00,0.35,
5710,263.00,756.00,0.49,
5711,243.00,813.00,0.37,
5712,1.50,0.00,2.00,
5713,6.50,1.00,2.00,
5714,7.00,0.00,2.00,
5715,11.75,2.00,2.00,
5716,2.25,0.00,2.00,
5717,238.00,830.00,0.34,
5718,0.75,0.00,2.00,
5719,10.50,1.00,2.00,
5720,286.25,773.00,0.45,
5721,1.25,0.00,2.00,
5722,4.75,0.00,2.00,
5723,253.25,772.00,0.46,
5724,210.50,782.00,0.44,
5725,0.25,0.00,2.00,
5726,12.50,1.00,2.00,
5727,5.50,0.00,2.00,
5728,353.75,809.00,0.38,
5729,1.50,0.00,2.00,
5730,267.00,770.00,0.46,
5731,268.50,821.00,0.36,
5732,2.75,0.00,2.00,
5733,260.25,782.00,0.44,
5734,241.50,793.00,0.41,
5735,249.25,776.00,0.45,
5736,8.50,0.00,2.00,
5737,271.75,814.00,0.37,
5738,24.50,2.00,2.00,
5739,298.75,817.00,0.37,
5740,4.50,0.00,2.00,
5741,216.75,826.00,0.35,
5742,42.25,5.00,1.99,
5743,351.25,830.00,0.34,
5744,226.75,791.00,0.42,
5745,19.75,3.00,1.99,
5746,0.25,0.00,2.00,
5747,8.00,0.00,2.00,
5748,256.75,804.00,0.39,
5749,3.75,0.00,2.00,
5750,403.00,749.00,0.50,
5751,296.50,814.00,0.37,
5752,287.50,791.00,0.42,
5753,198.75,758.00,0.48,
5754,3.50,0.00,2.00,
5755,258.00,818.00,0.36,
5756,247.25,772.00,0.46,
5757,8.25,0.00,2.00,
5758,1.25,0.00,2.00,
5759,227.50,758.00,0.48,
5760,2.25,0.00,2.00,
5761,4.00,0.00,2.00,
5762,249.75,806.00,0.39,
5763,248.75,825.00,0.35,
5764,2.50,0.00,2.00,
5765,0.50,0.00,2.00,
5766,219.50,776.00,0.45,
5767,246.00,806.00,0.39,
5768,276.25,819.00,0.36,
5769,260.25,813.00,0.37,
5770,9.25,1.00,2.00,
5771,231.75,840.00,0.32,
5772,1.50,0.00,2.00,
5773,245.50,824.00,0.35,
5774,20.50,1.00,2.00,
5775,2.50,0.00,2.00,
5776,10.50,1.00,2.00,
5777,34.50,1.00,2.00,
5778,38.50,8.00,1.98,
5779,1.50,0.00,2.00,
5780,1.25,0.00,2.00,
5781,8.50,0.00,2.00,
5782,199.25,805.00,0.39,
5783,4.50,0.00,2.00,
5784,5.25,1.00,2.00,
5785,2.00,0.00,2.00,
5786,1.75,0.00,2.00,
5787,251.25,758.00,0.48,
5788,4.50,0.00,2.00,
5789,296.75,798.00,0.40,
5790,6.50,0.00,2.00,
5791,6.50,0.00,2.00,
5792,202.00,739.00,0.52,
5793,287.25,821.00,0.36,
5794,7.75,0.00,2.00,
5795,192.50,786.00,0.43,
5796,11.25,0.00,2.00,
5797,201.75,724.00,0.55,
5798,239.00,794.00,0.41,
5799,195.50,789.00,0.42,
5800,252.25,805.00,0.39,
5801,18.00,2.00,2.00,
5802,264.00,806.00,0.39,
5803,265.75,830.00,0.34,
5804,243.00,813.00,0.37,
5805,62.50,9.00,1.98,
5806,266.50,800.00,0.40,
5807,11.75,2.00,2.00,
5808,0.50,0.00,2.00,
5809,36.75,3.00,1.99,
5810,230.50,785.00,0.43,
5811,355.00,800.00,0.40,
5812,265.50,836.00,0.33,
5813,22.50,0.00,2.00,
5814,265.25,790.00,0.42,
5815,270.25,760.00,0.48,
5816,233.75,749.00,0.50,
5817,7.75,1.00,2.00,
5818,189.00,780.00,0.44,
5819,221.50,777.00,0.45,
5820,4.50,0.00,2.00,
5821,270.25,822.00,0.36,
5822,48.00,7.00,1.99,
5823,0.50,0.00,2.00,
5824,2.75,0.00,2.00,
5825,1.50,0.00,2.00,
5826,223.00,817.00,0.37,
5827,256.75,829.00,0.34,
5828,241.50,768.00,0.46,
5829,1.00,0.00,2.00,
5830,246.75,773.00,0.45,
5831,12.75,2.00,2.00,
5832,268.00,794.00,0.41,
5833,239.50,791.00,0.42,
5834,323.25,746.00,0.51,
5835,291.75,811.00,0.38,
5836,25.75,5.00,1.99,
5837,0.75,0.00,2.00,
5838,2.75,0.00,2.00,
5839,232.00,804.00,0.39,
5840,5.75,0.00,2.00,
5841,68.50,20.00,1.96,
5842,305.25,797.00,0.41,
5843,5.00,1.00,2.00,
5844,211.00,811.00,0.38,
5845,279.25,823.00,0.35,
5846,1.75,0.00,2.00,
5847,42.75,0.00,2.00,
5848,241.00,801.00,0.40,
5849,9.25,0.00,2.00,
5850,267.25,845.00,0.31,
5851,2.25,0.00,2.00,
5852,313.00,804.00,0.39,
5853,5.25,0.00,2.00,
5854,250.75,810.00,0.38,
5855,255.25,836.00,0.33,
5856,5.75,0.00,2.00,
5857,218.75,819.00,0.36,
5858,257.75,847.00,0.31,
5859,206.25,781.00,0.44,
5860,6.75,1.00,2.00,
5861,12.75,1.00,2.00,
5862,239.00,790.00,0.42,
5863,264.50,779.00,0.44,
5864,330.00,788.00,0.42,
5865,4.25,0.00,2.00,
5866,232.75,791.00,0.42,
5867,7.50,0.00,2.00,
5868,236.50,811.00,0.38,
5869,15.00,0.00,2.00,
5870,270.50,803.00,0.39,
5871,276.25,825.00,0.35,
5872,21.00,2.00,2.00,
5873,0.75,0.00,2.00,
5874,6.75,1.00,2.00,
5875,278.75,791.00,0.42,
5876,1.50,0.00,2.00,
5877,24.50,1.00,2.00,
5878,271.75,856.00,0.29,
5879,6.75,0.00,2.00,
5880,237.75,814.00,0.37,
5881,214.25,738.00,0.52,
5882,9.75,0.00,2.00,
5883,319.75,831.00,0.34,
5884,224.75,828.00,0.34,
5885,12.75,0.00,2.00,
5886,217.50,813.00,0.37,
5887,243.50,776.00,0.45,
5888,227.00,790.00,0.42,
5889,8.00,1.00,2.00,
5890,19.00,4.00,1.99,
5891,0.75,0.00,2.00,
5892,317.75,829.00,0.34,
5893,59.50,20.00,1.96,
5894,307.50,815.00,0.37,
5895,222.75,755.00,0.49,
5896,252.75,781.00,0.44,
5897,7.50,0.00,2.00,
5898,69.25,14.00,1.97,
5899,259.00,778.00,0.44,
5900,241.75,792.00,0.42,
5901,212.50,732.00,0.54,
5902,7.25,0.00,2.00,
5903,4.50,0.00,2.00,
5904,286.75,785.00,0.43,
5905,248.50,769.00,0.46,
5906,2.00,0.00,2.00,
5907,243.50,768.00,0.46,
5908,3.75,0.00,2.00,
5909,342.75,828.00,0.34,
5910,228.00,808.00,0.38,
5911,38.25,6.00,1.99,
5912,16.50,2.00,2.00,
5913,6.00,0.00,2.00,
5914,3.50,0.00,2.00,
5915,213.00,831.00,0.34,
5916,227.50,790.00,0.42,
5917,257.00,796.00,0.41,
5918,2.00,0.00,2.00,
5919,197.50,833.00,0.33,
5920,348.50,749.00,0.50,
5921,223.50,801.00,0.40,
5922,250.25,770.00,0.46,
5923,244.50,775.00,0.45,
5924,275.75,812.00,0.38,
5925,46.00,4.00,1.99,
5926,4.75,1.00,2.00,
5927,349.75,751.00,0.50,
5928,201.75,783.00,0.43,
5929,14.75,2.00,2.00,
5930,0.25,0.00,2.00,
5931,0.50,0.00,2.00,
5932,13.25,2.00,2.00,
5933,229.50,776.00,0.45,
5934,37.00,1.00,2.00,
5935,175.00,801.00,0.40,
5936,12.25,0.00,2.00,
5937,255.00,778.00,0.44,
5938,232.50,822.00,0.36,
5939,10.25,0.00,2.00,
5940,7.00,1.00,2.00,
5941,10.00,0.00,2.00,
5942,26.00,5.00,1.99,
5943,13.00,1.00,2.00,
5944,26.00,0.00,2.00,
5945,4.75,0.00,2.00,
5946,2.25,0.00,2.00,
5947,274.00,828.00,0.34,
5948,1.00,0.00,2.00,
5949,221.50,835.00,0.33,
5950,3.75,0.00,2.00,
5951,12.25,2.00,2.00,
5952,37.00,0.00,2.00,
5953,5.75,2.00,2.00,
5954,209.25,821.00,0.36,
5955,238.25,854.00,0.29,
5956,336.25,783.00,0.43,
5957,280.25,772.00,0.46,
5958,275.75,787.00,0.43,
5959,2.25,0.00,2.00,
5960,219.50,782.00,0.44,
5961,10.75,0.00,2.00,
5962,6.00,0.00,2.00,
5963,215.75,831.00,0.34,
5964,246.50,806.00,0.39,
5965,7.50,0.00,2.00,
5966,25.00,2.00,2.00,
5967,14.00,1.00,2.00,
5968,16.75,1.00,2.00,
5969,236.50,779.00,0.44,
5970,303.00,780.00,0.44,
5971,1.75,0.00,2.00,
5972,263.75,785.00,0.43,
5973,205.50,792.00,0.42,
5974,262.75,794.00,0.41,
5975,0.25,0.00,2.00,
5976,8.50,0.00,2.00,
5977,284.75,806.00,0.39,
5978,236.75,768.00,0.46,
5979,257.50,814.00,0.37,
5980,0.50,0.00,2.00,
5981,195.00,821.00,0.36,
5982,201.75,817.00,0.37,
5983,11.50,0.00,2.00,
5984,218.25,808.00,0.38,
5985,6.00,0.00,2.00,
5986,7.00,0.00,2.00,
5987,20.75,1.00,2.00,
5988,44.75,5.00,1.99,
5989,201.25,800.00,0.40,
5990,9.75,0.00,2.00,
5991,218.25,810.00,0.38,
5992,259.25,792.00,0.42,
5993,230.00,790.00,0.42,
5994,206.25,797.00,0.41,
5995,224.75,826.00,0.35,
5996,251.75,755.00,0.49,
5997,372.00,815.00,0.37,
5998,235.50,816.00,0.37,
5999,50.25,4.00,1.99,
6000,237.00,799.00,0.40,
6001,305.25,818.00,0.36,
6002,294.25,788.00,0.42,
6003,2.75,0.00,2.00,
6004,1.50,0.00,2.00,
6005,6.25,0.00,2.00,
6006,8.25,0.00,2.00,
6007,4.75,0.00,2.00,
6008,203.00,791.00,0.42,
6009,231.00,803.00,0.39,
6010,211.25,839.00,0.32,
6011,209.75,796.00,0.41,
6012,280.00,845.00,0.31,
6013,2.75,0.00,2.00,
6014,86.00,7.00,1.99,
6015,222.75,797.00,0.41,
6016,206.50,839.00,0.32,
6017,252.00,780.00,0.44,
6018,14.00,0.00,2.00,
6019,267.00,795.00,0.41,
6020,239.75,826.00,0.35,
6021,0.25,0.00,2.00,
6022,5.00,0.00,2.00,
6023,275.00,785.00,0.43,
6024,184.75,786.00,0.43,
6025,224.00,863.00,0.27,
6026,9.25,0.00,2.00,
6027,233.00,798.00,0.40,
6028,217.25,821.00,0.36,
6029,11.75,0.00,2.00,
6030,9.50,0.00,2.00,
6031,2.50,0.00,2.00,
6032,13.50,0.00,2.00,
6033,23.00,7.00,1.99,
6034,9.25,0.00,2.00,
6035,211.00,771.00,0.46,
6036,221.75,816.00,0.37,
6037,3.50,0.00,2.00,
6038,2.00,0.00,2.00,
6039,342.75,781.00,0.44,
6040,190.50,815.00,0.37,
6041,4.75,1.00,2.00,
6042,15.00,1.00,2.00,
6043,2.00,0.00,2.00,
6044,8.75,0.00,2.00,
6045,251.00,812.00,0.38,
6046,2.25,0.00,2.00,
6047,8.25,1.00,2.00,
6048,0.25,0.00,2.00,
6049,258.75,811.00,0.38,
6050,8.50,0.00,2.00,
6051,16.25,1.00,2.00,
6052,204.50,803.00,0.39,
6053,239.25,830.00,0.34,
6054,11.50,2.00,2.00,
6055,21.00,3.00,1.99,
6056,6.50,0.00,2.00,
6057,373.75,786.00,0.43,
6058,16.25,0.00,2.00,
6059,223.50,797.00,0.41,
6060,9.75,1.00,2.00,
6061,0.25,0.00,2.00,
6062,4.25,0.00,2.00,
6063,336.75,776.00,0.45,
6064,10.75,0.00,2.00,
6065,9.00,1.00,2.00,
6066,265.50,818.00,0.36,
6067,6.50,0.00,2.00,
6068,349.75,795.00,0.41,
6069,11.00,0.00,2.00,
6070,28.50,4.00,1.99,
6071,275.75,773.00,0.45,
6072,213.75,811.00,0.38,
6073,292.00,827.00,0.35,
6074,5.75,0.00,2.00,
6075,258.75,791.00,0.42,
6076,112.75,27.00,1.95,
6077,224.00,817.00,0.37,
6078,354.00,783.00,0.43,
6079,206.25,753.00,0.49,
6080,41.00,8.00,1.98,
6081,247.75,806.00,0.39,
6082,214.75,762.00,0.48,
6083,7.50,1.00,2.00,
6084,287.25,807.00,0.39,
6085,284.00,791.00,0.42,
6086,12.25,1.00,2.00,
6087,234.75,814.00,0.37,
6088,12.25,1.00,2.00,
6089,262.75,768.00,0.46,
6090,252.50,790.00,0.42,
6091,6.25,0.00,2.00,
6092,0.50,0.00,2.00,
6093,5.25,0.00,2.00,
6094,275.75,830.00,0.34,
6095,10.50,1.00,2.00,
6096,310.50,816.00,0.37,
6097,284.75,853.00,0.29,
6098,220.50,817.00,0.37,
6099,221.75,814.00,0.37,
6100,15.75,0.00,2.00,
6101,6.00,0.00,2.00,
6102,214.00,824.00,0.35,
6103,250.50,776.00,0.45,
6104,344.75,747.00,0.51,
6105,1.75,0.00,2.00,
6106,260.75,816.00,0.37,
6107,230.00,803.00,0.39,
6108,196.75,800.00,0.40,
6109,6.50,0.00,2.00,
6110,322.75,784.00,0.43,
6111,8.00,1.00,2.00,
6112,272.25,799.00,0.40,
6113,280.00,815.00,0.37,
6114,211.75,772.00,0.46,
6115,243.75,803.00,0.39,
6116,285.75,814.00,0.37,
6117,80.50,11.00,1.98,
6118,1.50,0.00,2.00,
6119,7.50,0.00,2.00,
6120,0.50,0.00,2.00,
6121,214.00,784.00,0.43,
6122,13.25,2.00,2.00,
6123,10.75,0.00,2.00,
6124,56.75,17.00,1.97,
6125,4.50,1.00,2.00,
6126,254.00,740.00,0.52,
6127,241.25,778.00,0.44,
6128,274.50,846.00,0.31,
6129,1.25,0.00,2.00,
6130,225.00,827.00,0.35,
6131,185.25,780.00,0.44,
6132,16.50,0.00,2.00,
6133,0.25,0.00,2.00,
6134,204.25,780.00,0.44,
6135,263.25,806.00,0.39,
6136,317.75,833.00,0.33,
6137,225.75,795.00,0.41,
6138,271.75,778.00,0.44,
6139,19.75,2.00,2.00,
6140,213.50,836.00,0.33,
6141,6.50,0.00,2.00,
6142,0.75,0.00,2.00,
6143,229.25,726.00,0.55,
6144,254.75,798.00,0.40,
6145,22.25,4.00,1.99,
6146,309.00,804.00,0.39,
6147,311.75,814.00,0.37,
6148,13.00,1.00,2.00,
6149,278.75,796.00,0.41,
6150,196.50,804.00,0.39,
6151,302.25,843.00,0.31,
6152,0.75,0.00,2.00,
6153,202.75,791.00,0.42,
6154,4.00,0.00,2.00,
6155,224.00,815.00,0.37,
6156,1.75,0.00,2.00,
6157,255.75,803.00,0.39,
6158,2.00,0.00,2.00,
6159,194.50,838.00,0.32,
6160,252.75,786.00,0.43,
6161,287.00,818.00,0.36,
6162,16.25,1.00,2.00,
6163,224.75,760.00,0.48,
6164,7.75,0.00,2.00,
6165,6.00,1.00,2.00,
6166,3.25,0.00,2.00,
6167,224.75,814.00,0.37,
6168,270.75,847.00,0.31,
6169,10.50,2.00,2.00,
6170,181.25,815.00,0.37,
6171,227.00,811.00,0.38,
6172,302.25,790.00,0.42,
6173,3.00,0.00,2.00,
6174,13.75,1.00,2.00,
6175,12.00,0.00,2.00,
6176,229.25,792.00,0.42,
6177,0.50,0.00,2.00,
6178,245.50,769.00,0.46,
6179,12.00,0.00,2.00,
6180,220.50,777.00,0.45,
6181,239.50,820.00,0.36,
6182,1.50,0.00,2.00,
6183,320.25,715.00,0.57,
6184,5.50,0.00,2.00,
6185,233.75,829.00,0.34,
6186,4.75,0.00,2.00,
6187,271.00,798.00,0.40,
6188,320.75,775.00,0.45,
6189,222.50,791.00,0.42,
6190,329.75,780.00,0.44,
6191,221.00,770.00,0.46,
6192,6.50,0.00,2.00,
6193,286.00,798.00,0.40,
6194,55.75,5.00,1.99,
6195,251.25,827.00,0.35,
6196,0.25,0.00,2.00,
6197,305.00,749.00,0.50,
6198,6.75,0.00,2.00,
6199,257.25,811.00,0.38,
6200,8.25,1.00,2.00,
6201,26.50,2.00,2.00,
6202,232.75,773.00,0.45,
6203,4.25,0.00,2.00,
6204,11.25,2.00,2.00,
6205,1.25,0.00,2.00,
6206,6.50,1.00,2.00,
6207,335.75,803.00,0.39,
6208,9.00,0.00,2.00,
6209,3.75,0.00,2.00,
6210,353.50,822.00,0.36,
6211,1.50,0.00,2.00,
6212,211.75,811.00,0.38,
6213,26.00,12.00,1.98,
6214,8.25,0.00,2.00,
6215,244.25,764.00,0.47,
6216,227.50,798.00,0.40,
6217,245.25,799.00,0.40,
6218,9.50,0.00,2.00,
6219,11.00,0.00,2.00,
6220,209.50,804.00,0.39,
6221,195.25,750.00,0.50,
6222,244.25,739.00,0.52,
6223,230.50,828.00,0.34,
6224,24.75,1.00,2.00,
6225,11.00,0.00,2.00,
6226,17.50,0.00,2.00,
6227,7.50,0.00,2.00,
6228,2.00,0.00,2.00,
6229,1.75,0.00,2.00,
6230,6.75,0.00,2.00,
6231,338.00,789.00,0.42,
6232,3.25,0.00,2.00,
6233,279.50,800.00,0.40,
6234,14.50,0.00,2.00,
6235,233.50,851.00,0.30,
6236,1.25,0.00,2.00,
6237,4.25,0.00,2.00,
6238,13.00,0.00,2.00,
6239,257.50,815.00,0.37,
6240,28.75,1.00,2.00,
6241,216.00,821.00,0.36,
6242,284.25,742.00,0.52,
6243,15.75,1.00,2.00,
6244,370.25,806.00,0.39,
6245,14.75,2.00,2.00,
6246,237.50,782.00,0.44,
6247,4.75,0.00,2.00,
6248,15.75,0.00,2.00,
6249,4.50,0.00,2.00,
6250,245.00,727.00,0.55,
6251,269.25,818.00,0.36,
6252,9.75,1.00,2.00,
6253,2.25,0.00,2.00,
6254,204.00,790.00,0.42,
6255,4.25,0.00,2.00,
6256,242.75,807.00,0.39,
6257,324.25,770.00,0.46,
6258,16.25,0.00,2.00,
6259,23.75,3.00,1.99,
6260,219.25,784.00,0.43,
6261,15.25,1.00,2.00,
6262,5.75,0.00,2.00,
6263,29.00,2.00,2.00,
6264,248.25,796.00,0.41,
6265,3.50,0.00,2.00,
6266,289.75,836.00,0.33,
6267,320.25,788.00,0.42,
6268,219.50,832.00,0.34,
6269,59.00,7.00,1.99,
6270,254.75,824.00,0.35,
6271,11.50,0.00,2.00,
6272,271.00,811.00,0.38,
6273,310.50,782.00,0.44,
6274,265.50,768.00,0.46,
6275,243.25,790.00,0.42,
6276,6.25,0.00,2.00,
6277,8.50,1.00,2.00,
6278,256.00,740.00,0.52,
6279,273.50,785.00,0.43,
6280,26.25,3.00,1.99,
6281,5.00,0.00,2.00,
6282,25.75,0.00,2.00,
6283,234.75,793.00,0.41,
6284,257.25,807.00,0.39,
6285,5.75,0.00,2.00,
6286,4.50,0.00,2.00,
6287,219.75,840.00,0.32,
6288,274.75,821.00,0.36,
6289,209.50,791.00,0.42,
6290,1.00,0.00,2.00,
6291,0.25,0.00,2.00,
6292,10.75,1.00,2.00,
6293,1.00,0.00,2.00,
6294,42.00,6.00,1.99,
6295,15.75,1.00,2.00,
6296,10.25,2.00,2.00,
6297,8.25,0.00,2.00,
6298,203.50,851.00,0.30,
6299,4.75,1.00,2.00,
6300,316.25,801.00,0.40,
6301,214.25,797.00,0.41,
6302,236.25,831.00,0.34,
6303,3.00,0.00,2.00,
6304,17.00,1.00,2.00,
6305,6.50,0.00,2.00,
6306,0.50,0.00,2.00,
6307,186.00,813.00,0.37,
6308,241.75,857.00,0.29,
6309,1.00,0.00,2.00,
6310,14.25,0.00,2.00,
6311,262.00,814.00,0.37,
6312,263.50,795.00,0.41,
6313,241.00,749.00,0.50,
6314,3.75,0.00,2.00,
6315,247.25,792.00,0.42,
6316,213.75,819.00,0.36,
6317,2.25,0.00,2.00,
6318,247.50,757.00,0.49,
6319,10.25,0.00,2.00,
6320,20.25,4.00,1.99,
6321,228.50,761.00,0.48,
6322,257.75,789.00,0.42,
6323,0.25,0.00,2.00,
6324,8.50,0.00,2.00,
6325,2.25,0.00,2.00,
6326,2.25,0.00,2.00,
6327,232.75,739.00,0.52,
6328,264.00,802.00,0.40,
6329,16.50,1.00,2.00,
6330,2.25,0.00,2.00,
6331,2.25,0.00,2.00,
6332,223.50,774.00,0.45,
6333,5.00,0.00,2.00,
6334,305.25,774.00,0.45,
6335,20.75,2.00,2.00,
6336,273.00,758.00,0.48,
6337,16.25,1.00,2.00,
6338,23.75,3.00,1.99,
6339,2.25,0.00,2.00,
6340,327.25,799.00,0.40,
6341,203.50,825.00,0.35,
6342,0.75,0.00,2.00,
6343,204.50,806.00,0.39,
6344,9.75,0.00,2.00,
6345,1.50,0.00,2.00,
6346,13.00,1.00,2.00,
6347,247.25,830.00,0.34,
6348,206.25,798.00,0.40,
6349,256.50,756.00,0.49,
6350,14.75,3.00,1.99,
6351,13.75,2.00,2.00,
6352,244.50,766.00,0.47,
6353,228.25,794.00,0.41,
6354,14.25,0.00,2.00,
6355,1.50,0.00,2.00,
6356,225.75,789.00,0.42,
6357,269.50,785.00,0.43,
6358,21.00,2.00,2.00,
6359,313.75,840.00,0.32,
6360,335.00,763.00,0.47,
6361,257.75,803.00,0.39,
6362,6.25,0.00,2.00,
6363,1.75,0.00,2.00,
6364,274.25,747.00,0.51,
6365,246.75,809.00,0.38,
6366,266.00,790.00,0.42,
6367,186.75,827.00,0.35,
6368,0.75,0.00,2.00,
6369,2.50,0.00,2.00,
6370,271.75,819.00,0.36,
6371,261.00,810.00,0.38,
6372,11.00,0.00,2.00,
6373,39.75,2.00,2.00,
6374,1.00,0.00,2.00,
6375,280.00,748.00,0.50,
6376,10.75,1.00,2.00,
6377,198.75,825.00,0.35,
6378,3.75,0.00,2.00,
6379,10.50,0.00,2.00,
6380,5.50,0.00,2.00,
6381,311.00,842.00,0.32,
6382,263.75,792.00,0.42,
6383,236.50,827.00,0.35,
6384,18.50,1.00,2.00,
6385,295.75,803.00,0.39,
6386,192.25,812.00,0.38,
6387,250.50,773.00,0.45,
6388,194.50,780.00,0.44,
6389,205.50,771.00,0.46,
6390,242.50,757.00,0.49,
6391,33.75,2.00,2.00,
6392,19.50,1.00,2.00,
6393,2.00,0.00,2.00,
6394,254.25,822.00,0.36,
6395,230.75,811.00,0.38,
6396,0.25,0.00,2.00,
6397,3.75,0.00,2.00,
6398,263.00,816.00,0.37,
6399,348.25,758.00,0.48,
6400,253.00,808.00,0.38,
6401,192.75,850.00,0.30,
6402,1.00,0.00,2.00,
6403,6.50,0.00,2.00,
6404,16.25,3.00,1.99,
6405,244.00,831.00,0.34,
6406,305.50,810.00,0.38,
6407,203.00,828.00,0.34,
6408,235.75,835.00,0.33,
6409,8.50,2.00,2.00,
6410,31.75,3.00,1.99,
6411,250.75,803.00,0.39,
6412,0.75,0.00,2.00,
6413,275.00,843.00,0.31,
6414,1.00,0.00,2.00,
6415,330.75,832.00,0.34,
6416,37.00,3.00,1.99,
6417,2.00,0.00,2.00,
6418,2.00,0.00,2.00,
6419,246.75,810.00,0.38,
6420,1.25,0.00,2.00,
6421,18.75,2.00,2.00,
6422,219.00,826.00,0.35,
6423,294.25,771.00,0.46,
6424,260.75,841.00,0.32,
6425,239.25,786.00,0.43,
6426,34.00,4.00,1.99,
6427,3.25,0.00,2.00,
6428,298.25,798.00,0.40,
6429,7.50,0.00,2.00,
6430,244.25,781.00,0.44,
6431,8.75,1.00,2.00,
6432,27.50,1.00,2.00,
6433,2.00,0.00,2.00,
6434,237.50,843.00,0.31,
6435,9.25,0.00,2.00,
6436,289.50,786.00,0.43,
6437,9.25,0.00,2.00,
6438,10.75,0.00,2.00,
6439,277.50,807.00,0.39,
6440,243.25,800.00,0.40,
6441,0.50,0.00,2.00,
6442,213.00,816.00,0.37,
6443,282.00,773.00,0.45,
6444,292.75,792.00,0.42,
6445,259.25,843.00,0.31,
6446,249.25,804.00,0.39,
6447,0.25,0.00,2.00,
6448,2.75,0.00,2.00,
6449,253.75,753.00,0.49,
6450,246.00,778.00,0.44,
6451,230.00,800.00,0.40,
6452,231.75,808.00,0.38,
6453,262.75,777.00,0.45,
6454,5.50,0.00,2.00,
6455,198.75,801.00,0.40,
6456,25.25,0.00,2.00,
6457,266.00,829.00,0.34,
6458,261.25,825.00,0.35,
6459,3.50,0.00,2.00,
6460,244.75,790.00,0.42,
6461,209.00,826.00,0.35,
6462,1.75,0.00,2.00,
6463,0.50,0.00,2.00,
6464,25.75,0.00,2.00,
6465,9.25,0.00,2.00,
6466,259.50,816.00,0.37,
6467,0.75,0.00,2.00,
6468,301.50,813.00,0.37,
6469,276.00,817.00,0.37,
6470,199.50,777.00,0.45,
6471,17.00,3.00,1.99,
6472,18.50,2.00,2.00,
6473,13.75,1.00,2.00,
6474,3.75,0.00,2.00,
6475,276.00,793.00,0.41,
6476,2.00,0.00,2.00,
6477,4.25,0.00,2.00,
6478,192.25,784.00,0.43,
6479,13.00,1.00,2.00,
6480,221.75,839.00,0.32,
6481,3.25,0.00,2.00,
6482,9.00,0.00,2.00,
6483,2.75,0.00,2.00,
6484,217.00,821.00,0.36,
6485,237.00,811.00,0.38,
6486,0.25,0.00,2.00,
6487,2.50,0.00,2.00,
6488,216.75,743.00,0.51,
6489,267.00,801.00,0.40,
6490,4.00,0.00,2.00,
6491,268.25,785.00,0.43,
6492,38.50,1.00,2.00,
6493,5.25,0.00,2.00,
6494,192.25,812.00,0.38,
6495,213.00,786.00,0.43,
6496,1.75,0.00,2.00,
6497,199.75,787.00,0.43,
6498,10.00,1.00,2.00,
6499,244.00,849.00,0.30,
6500,214.50,819.00,0.36,
6501,28.00,2.00,2.00,
6502,233.00,808.00,0.38,
6503,0.75,0.00,2.00,
6504,231.25,811.00,0.38,
6505,14.00,1.00,2.00,
6506,261.75,802.00,0.40,
6507,0.50,0.00,2.00,
6508,224.00,794.00,0.41,
6509,255.25,804.00,0.39,
6510,253.50,819.00,0.36,
6511,13.75,0.00,2.00,
6512,17.00,1.00,2.00,
6513,301.50,795.00,0.41,
6514,208.50,753.00,0.49,
6515,9.00,0.00,2.00,
6516,6.75,1.00,2.00,
6517,258.75,815.00,0.37,
6518,5.00,1.00,2.00,
6519,226.50,813.00,0.37,
6520,12.25,0.00,2.00,
6521,26.75,0.00,2.00,
6522,5.00,0.00,2.00,
6523,281.25,772.00,0.46,
6524,216.25,802.00,0.40,
6525,211.00,819.00,0.36,
6526,9.50,1.00,2.00,
6527,299.00,787.00,0.43,
6528,235.00,763.00,0.47,
6529,17.25,2.00,2.00,
6530,0.50,0.00,2.00,
6531,285.00,784.00,0.43,
6532,28.50,4.00,1.99,
6533,13.75,3.00,1.99,
6534,2.50,0.00,2.00,
6535,290.75,815.00,0.37,
6536,275.00,803.00,0.39,
6537,8.00,0.00,2.00,
6538,2.75,0.00,2.00,
6539,268.25,797.00,0.41,
6540,4.00,0.00,2.00,
6541,1.50,0.00,2.00,
6542,231.25,758.00,0.48,
6543,3.50,0.00,2.00,
6544,5.25,0.00,2.00,
6545,2.00,0.00,2.00,
6546,261.50,791.00,0.42,
6547,18.25,3.00,1.99,
6548,247.00,827.00,0.35,
6549,35.50,4.00,1.99,
6550,7.50,0.00,2.00,
6551,3.25,0.00,2.00,
6552,300.50,802.00,0.40,
6553,7.00,1.00,2.00,
6554,209.00,766.00,0.47,
6555,1.50,0.00,2.00,
6556,212.00,769.00,0.46,
6557,28.00,3.00,1.99,
6558,261.00,812.00,0.38,
6559,8.50,0.00,2.00,
6560,234.50,842.00,0.32,
6561,211.00,770.00,0.46,
6562,208.75,826.00,0.35,
6563,297.25,749.00,0.50,
6564,266.00,787.00,0.43,
6565,230.50,779.00,0.44,
6566,325.00,761.00,0.48,
6567,258.00,796.00,0.41,
6568,18.50,2.00,2.00,
6569,302.00,775.00,0.45,
6570,6.00,0.00,2.00,
6571,241.75,781.00,0.44,
6572,36.75,2.00,2.00,
6573,241.00,790.00,0.42,
6574,260.25,738.00,0.52,
6575,30.00,1.00,2.00,
6576,316.25,788.00,0.42,
6577,19.50,4.00,1.99,
6578,6.25,0.00,2.00,
6579,0.25,0.00,2.00,
6580,292.25,781.00,0.44,
6581,16.50,0.00,2.00,
6582,274.50,768.00,0.46,
6583,280.50,780.00,0.44,
6584,242.25,777.00,0.45,
6585,0.50,0.00,2.00,
6586,2.25,0.00,2.00,
6587,0.25,0.00,2.00,
6588,1.00,0.00,2.00,
6589,58.75,14.00,1.97,
6590,259.00,835.00,0.33,
6591,0.25,0.00,2.00,
6592,281.25,822.00,0.36,
6593,20.00,5.00,1.99,
6594,13.25,3.00,1.99,
6595,229.50,780.00,0.44,
6596,1.75,0.00,2.00,
6597,246.25,820.00,0.36,
6598,0.50,0.00,2.00,
6599,25.75,2.00,2.00,
6600,191.75,809.00,0.38,
6601,297.50,808.00,0.38,
6602,11.75,0.00,2.00,
6603,4.75,0.00,2.00,
6604,61.50,7.00,1.99,
6605,300.75,809.00,0.38,
6606,231.00,795.00,0.41,
6607,2.25,0.00,2.00,
6608,203.75,794.00,0.41,
6609,2.25,0.00,2.00,
6610,1.00,0.00,2.00,
6611,235.50,822.00,0.36,
6612,290.75,821.00,0.36,
6613,8.75,0.00,2.00,
6614,5.75,1.00,2.00,
6615,278.00,797.00,0.41,
6616,255.25,751.00,0.50,
6617,18.25,0.00,2.00,
6618,0.50,0.00,2.00,
6619,255.50,765.00,0.47,
6620,275.50,781.00,0.44,
6621,10.25,0.00,2.00,
6622,13.50,0.00,2.00,
6623,7.25,0.00,2.00,
6624,11.50,1.00,2.00,
6625,30.75,2.00,2.00,
6626,216.25,780.00,0.44,
6627,13.00,0.00,2.00,
6628,259.75,780.00,0.44,
6629,205.75,791.00,0.42,
6630,2.75,0.00,2.00,
6631,297.50,731.00,0.54,
6632,2.25,0.00,2.00,
6633,3.25,0.00,2.00,
6634,213.25,859.00,0.28,
6635,251.25,809.00,0.38,
6636,3.00,0.00,2.00,
6637,1.00,0.00,2.00,
6638,239.50,760.00,0.48,
6639,24.50,4.00,1.99,
6640,2.25,0.00,2.00,
6641,0.75,0.00,2.00,
6642,2.00,0.00,2.00,
6643,223.25,817.00,0.37,
6644,5.25,0.00,2.00,
6645,285.25,784.00,0.43,
6646,206.75,835.00,0.33,
6647,15.50,1.00,2.00,
6648,271.00,743.00,0.51,
6649,0.25,0.00,2.00,
6650,278.75,805.00,0.39,
6651,6.00,0.00,2.00,
6652,45.75,5.00,1.99,
6653,222.25,828.00,0.34,
6654,280.50,788.00,0.42,
6655,234.50,727.00,0.55,
6656,29.25,3.00,1.99,
6657,9.00,1.00,2.00,
6658,181.50,805.00,0.39,
6659,7.25,1.00,2.00,
6660,262.50,783.00,0.43,
6661,282.50,817.00,0.37,
6662,12.50,0.00,2.00,
6663,213.25,832.00,0.34,
6664,2.25,1.00,2.00,
6665,272.25,774.00,0.45,
6666,9.25,2.00,2.00,
6667,202.25,799.00,0.40,
6668,227.75,819.00,0.36,
6669,0.75,0.00,2.00,
6670,276.50,818.00,0.36,
6671,230.00,803.00,0.39,
6672,29.25,2.00,2.00,
6673,260.25,777.00,0.45,
6674,20.50,1.00,2.00,
6675,205.00,806.00,0.39,
6676,210.50,766.00,0.47,
6677,18.25,0.00,2.00,
6678,5.25,0.00,2.00,
6679,0.75,0.00,2.00,
6680,294.50,793.00,0.41,
6681,3.75,0.00,2.00,
6682,14.25,2.00,2.00,
6683,7.50,3.00,1.99,
6684,1.50,0.00,2.00,
6685,2.00,0.00,2.00,
6686,7.50,0.00,2.00,
6687,0.50,0.00,2.00,
6688,227.00,843.00,0.31,
6689,308.50,803.00,0.39,
6690,229.75,772.00,0.46,
6691,44.75,9.00,1.98,
6692,2.75,0.00,2.00,
6693,242.25,774.00,0.45,
6694,243.00,808.00,0.38,
6695,293.50,828.00,0.34,
6696,254.25,797.00,0.41,
6697,3.50,1.00,2.00,
6698,245.50,752.00,0.50,
6699,310.50,796.00,0.41,
6700,247.75,736.00,0.53,
6701,5.25,0.00,2.00,
6702,4.00,0.00,2.00,
6703,177.75,785.00,0.43,
6704,8.00,0.00,2.00,
6705,2.75,0.00,2.00,
6706,223.50,779.00,0.44,
6707,17.25,3.00,1.99,
6708,221.50,763.00,0.47,
6709,6.25,0.00,2.00,
6710,289.25,853.00,0.29,
6711,7.25,1.00,2.00,
6712,0.75,0.00,2.00,
6713,2.25,0.00,2.00,
6714,67.50,6.00,1.99,
6715,264.25,841.00,0.32,
6716,246.75,769.00,0.46,
6717,283.25,803.00,0.39,
6718,224.50,799.00,0.40,
6719,256.00,769.00,0.46,
6720,15.00,2.00,2.00,
6721,192.00,818.00,0.36,
6722,229.25,810.00,0.38,
6723,4.75,1.00,2.00,
6724,41.00,9.00,1.98,
6725,288.75,732.00,0.54,
6726,6.00,0.00,2.00,
6727,268.00,778.00,0.44,
6728,231.50,854.00,0.29,
6729,247.75,795.00,0.41,
6730,4.00,0.00,2.00,
6731,217.25,782.00,0.44,
6732,234.50,764.00,0.47,
6733,210.75,830.00,0.34,
6734,9.50,1.00,2.00,
6735,1.00,0.00,2.00,
6736,7.00,0.00,2.00,
6737,271.75,784.00,0.43,
6738,310.00,811.00,0.38,
6739,262.25,798.00,0.40,
6740,58.75,12.00,1.98,
6741,5.00,2.00,2.00,
6742,28.00,2.00,2.00,
6743,209.25,789.00,0.42,
6744,242.75,829.00,0.34,
6745,201.25,856.00,0.29,
6746,4.50,1.00,2.00,
6747,7.25,0.00,2.00,
6748,201.50,762.00,0.48,
6749,286.75,787.00,0.43,
6750,1.25,0.00,2.00,
6751,219.75,780.00,0.44,
6752,261.50,801.00,0.40,
6753,260.75,821.00,0.36,
6754,1.50,0.00,2.00,
6755,297.50,796.00,0.41,
6756,52.75,9.00,1.98,
6757,217.25,832.00,0.34,
6758,222.75,787.00,0.43,
6759,1.50,0.00,2.00,
6760,6.50,1.00,2.00,
6761,5.00,0.00,2.00,
6762,17.75,2.00,2.00,
6763,212.25,800.00,0.40,
6764,43.75,4.00,1.99,
6765,2.00,0.00,2.00,
6766,5.25,0.00,2.00,
6767,239.50,805.00,0.39,
6768,205.00,820.00,0.36,
6769,3.50,0.00,2.00,
6770,3.25,0.00,2.00,
6771,357.00,802.00,0.40,
6772,269.50,772.00,0.46,
6773,209.00,794.00,0.41,
6774,235.75,782.00,0.44,
6775,205.00,780.00,0.44,
6776,0.50,0.00,2.00,
6777,238.50,785.00,0.43,
6778,222.25,786.00,0.43,
6779,4.25,0.00,2.00,
6780,228.50,800.00,0.40,
6781,210.00,811.00,0.38,
6782,261.50,802.00,0.40,
6783,10.00,1.00,2.00,
6784,14.75,0.00,2.00,
6785,201.50,800.00,0.40,
6786,7.25,2.00,2.00,
6787,0.50,0.00,2.00,
6788,193.50,738.00,0.52,
6789,9.25,0.00,2.00,
6790,256.50,813.00,0.37,
6791,247.25,807.00,0.39,
6792,295.00,823.00,0.35,
6793,163.50,778.00,0.44,
6794,244.25,809.00,0.38,
6795,245.00,834.00,0.33,
6796,4.75,0.00,2.00,
6797,229.75,833.00,0.33,
6798,234.00,801.00,0.40,
6799,0.25,0.00,2.00,
6800,1.25,0.00,2.00,
6801,186.00,829.00,0.34,
6802,248.25,784.00,0.43,
6803,5.25,0.00,2.00,
6804,252.75,827.00,0.35,
6805,220.25,836.00,0.33,
6806,245.75,791.00,0.42,
6807,8.75,0.00,2.00,
6808,267.25,817.00,0.37,
6809,4.75,0.00,2.00,
6810,8.00,0.00,2.00,
6811,57.75,13.00,1.97,
6812,248.00,758.00,0.48,
6813,219.25,814.00,0.37,
6814,254.50,807.00,0.39,
6815,12.50,2.00,2.00,
6816,0.25,0.00,2.00,
6817,2.25,0.00,2.00,
6818,271.75,811.00,0.38,
6819,311.00,762.00,0.48,
6820,11.75,2.00,2.00,
6821,210.50,809.00,0.38,
6822,14.25,1.00,2.00,
6823,312.25,793.00,0.41,
6824,13.25,0.00,2.00,
6825,240.75,790.00,0.42,
6826,7.00,1.00,2.00,
6827,45.25,7.00,1.99,
6828,217.25,841.00,0.32,
6829,35.50,0.00,2.00,
6830,1.75,1.00,2.00,
6831,3.00,0.00,2.00,
6832,4.50,1.00,2.00,
6833,261.50,818.00,0.36,
6834,237.75,747.00,0.51,
6835,5.25,1.00,2.00,
6836,294.00,839.00,0.32,
6837,260.25,776.00,0.45,
6838,5.00,0.00,2.00,
6839,0.75,0.00,2.00,
6840,178.75,747.00,0.51,
6841,5.50,0.00,2.00,
6842,10.50,1.00,2.00,
6843,276.75,826.00,0.35,
6844,176.75,731.00,0.54,
6845,8.75,1.00,2.00,
6846,262.75,802.00,0.40,
6847,284.50,827.00,0.35,
6848,208.50,803.00,0.39,
6849,3.50,0.00,2.00,
6850,2.75,0.00,2.00,
6851,3.00,0.00,2.00,
6852,217.25,806.00,0.39,
6853,257.00,830.00,0.34,
6854,3.25,1.00,2.00,
6855,28.50,2.00,2.00,
6856,21.50,1.00,2.00,
6857,249.75,795.00,0.41,
6858,7.00,0.00,2.00,
6859,231.00,821.00,0.36,
6860,0.75,0.00,2.00,
6861,230.00,828.00,0.34,
6862,10.50,0.00,2.00,
6863,1.25,0.00,2.00,
6864,4.75,1.00,2.00,
6865,210.50,757.00,0.49,
6866,12.00,4.00,1.99,
6867,240.75,807.00,0.39,
6868,3.50,0.00,2.00,
6869,238.50,800.00,0.40,
6870,310.50,780.00,0.44,
6871,211.00,784.00,0.43,
6872,223.00,850.00,0.30,
6873,0.25,0.00,2.00,
6874,240.75,776.00,0.45,
6875,3.50,0.00,2.00,
6876,270.25,835.00,0.33,
6877,198.50,763.00,0.47,
6878,5.75,1.00,2.00,
6879,236.50,800.00,0.40,
6880,14.50,1.00,2.00,
6881,1.75,0.00,2.00,
6882,6.50,1.00,2.00,
6883,1.50,0.00,2.00,
6884,362.00,823.00,0.35,
6885,242.00,792.00,0.42,
6886,319.00,800.00,0.40,
6887,10.25,4.00,1.99,
6888,259.50,795.00,0.41,
6889,5.75,0.00,2.00,
6890,5.25,0.00,2.00,
6891,5.00,0.00,2.00,
6892,273.00,784.00,0.43,
6893,1.50,0.00,2.00,
6894,238.50,817.00,0.37,
6895,6.00,1.00,2.00,
6896,365.50,807.00,0.39,
6897,10.50,0.00,2.00,
6898,4.75,0.00,2.00,
6899,31.75,2.00,2.00,
6900,278.25,810.00,0.38,
6901,291.50,803.00,0.39,
6902,250.50,780.00,0.44,
6903,227.75,850.00,0.30,
6904,9.00,0.00,2.00,
6905,236.00,785.00,0.43,
6906,0.50,0.00,2.00,
6907,318.00,787.00,0.43,
6908,2.25,0.00,2.00,
6909,197.00,858.00,0.28,
6910,257.00,786.00,0.43,
6911,3.75,0.00,2.00,
6912,7.00,0.00,2.00,
6913,12.25,0.00,2.00,
6914,241.00,830.00,0.34,
6915,6.75,0.00,2.00,
6916,27.50,6.00,1.99,
6917,1.75,0.00,2.00,
6918,1.50,0.00,2.00,
6919,261.25,809.00,0.38,
6920,4.50,0.00,2.00,
6921,4.75,0.00,2.00,
6922,207.25,802.00,0.40,
6923,10.25,0.00,2.00,
6924,1.75,0.00,2.00,
6925,13.25,0.00,2.00,
6926,15.25,0.00,2.00,
6927,3.00,0.00,2.00,
6928,246.00,743.00,0.51,
6929,233.75,850.00,0.30,
6930,28.75,1.00,2.00,
6931,3.75,0.00,2.00,
6932,1.00,0.00,2.00,
6933,6.75,0.00,2.00,
6934,3.75,0.00,2.00,
6935,4.00,0.00,2.00,
6936,210.50,801.00,0.40,
6937,209.50,779.00,0.44,
6938,233.00,805.00,0.39,
6939,228.75,817.00,0.37,
6940,3.75,0.00,2.00,
6941,242.25,796.00,0.41,
6942,2.00,0.00,2.00,
6943,16.25,1.00,2.00,
6944,10.00,1.00,2.00,
6945,242.50,829.00,0.34,
6946,201.00,833.00,0.33,
6947,258.25,785.00,0.43,
6948,1.00,0.00,2.00,
6949,251.00,801.00,0.40,
6950,34.50,6.00,1.99,
6951,15.25,2.00,2.00,
6952,298.00,814.00,0.37,
6953,30.50,3.00,1.99,
6954,290.75,797.00,0.41,
6955,274.25,770.00,0.46,
6956,264.00,797.00,0.41,
6957,389.25,808.00,0.38,
6958,48.75,13.00,1.97,
6959,2.50,0.00,2.00,
6960,10.25,0.00,2.00,
6961,23.25,3.00,1.99,
6962,43.25,2.00,2.00,
6963,45.75,2.00,2.00,
6964,5.00,0.00,2.00,
6965,3.75,0.00,2.00,
6966,0.50,0.00,2.00,
6967,241.50,773.00,0.45,
6968,247.00,831.00,0.34,
6969,6.75,0.00,2.00,
6970,3.25,0.00,2.00,
6971,302.25,812.00,0.38,
6972,234.75,763.00,0.47,
6973,1.75,0.00,2.00,
6974,1.00,0.00,2.00,
6975,220.25,809.00,0.38,
6976,253.50,817.00,0.37,
6977,1.25,0.00,2.00,
6978,234.75,833.00,0.33,
6979,331.00,848.00,0.30,
6980,271.50,816.00,0.37,
6981,262.50,824.00,0.35,
6982,15.75,0.00,2.00,
6983,223.00,806.00,0.39,
6984,24.50,0.00,2.00,
6985,6.00,0.00,2.00,
6986,2.00,0.00,2.00,
6987,16.25,1.00,2.00,
6988,301.00,814.00,0.37,
6989,7.25,1.00,2.00,
6990,6.50,0.00,2.00,
6991,5.75,0.00,2.00,
6992,269.75,820.00,0.36,
6993,5.50,0.00,2.00,
6994,235.00,755.00,0.49,
6995,5.50,1.00,2.00,
6996,5.25,0.00,2.00,
6997,18.00,2.00,2.00,
6998,208.25,825.00,0.35,
6999,247.75,751.00,0.50,
7000,303.50,788.00,0.42,
7001,248.25,778.00,0.44,
7002,229.75,803.00,0.39,
7003,273.75,806.00,0.39,
7004,2.00,0.00,2.00,
7005,296.50,785.00,0.43,
7006,4.25,0.00,2.00,
7007,43.75,9.00,1.98,
7008,250.25,798.00,0.40,
7009,14.50,0.00,2.00,
7010,45.50,6.00,1.99,
7011,0.50,0.00,2.00,
7012,293.75,825.00,0.35,
7013,229.50,847.00,0.31,
7014,12.00,1.00,2.00,
7015,207.75,784.00,0.43,
7016,13.25,0.00,2.00,
7017,1.25,0.00,2.00,
7018,7.25,0.00,2.00,
7019,200.00,769.00,0.46,
7020,14.50,1.00,2.00,
7021,220.25,749.00,0.50,
7022,9.00,0.00,2.00,
7023,9.25,0.00,2.00,
7024,21.75,1.00,2.00,
7025,15.50,1.00,2.00,
7026,2.75,0.00,2.00,
7027,27.25,4.00,1.99,
7028,279.25,803.00,0.39,
7029,4.75,0.00,2.00,
7030,317.75,789.00,0.42,
7031,297.75,801.00,0.40,
7032,5.25,0.00,2.00,
7033,202.50,801.00,0.40,
7034,42.25,5.00,1.99,
7035,191.00,798.00,0.40,
7036,3.00,0.00,2.00,
7037,230.50,776.00,0.45,
7038,291.75,870.00,0.26,
7039,1.75,0.00,2.00,
7040,227.25,826.00,0.35,
7041,26.75,0.00,2.00,
7042,232.25,768.00,0.46,
7043,24.75,5.00,1.99,
7044,5.00,0.00,2.00,
7045,259.25,784.00,0.43,
7046,277.00,802.00,0.40,
7047,3.00,0.00,2.00,
7048,245.00,833.00,0.33,
7049,1.00,0.00,2.00,
7050,2.00,0.00,2.00,
7051,219.25,803.00,0.39,
7052,15.00,0.00,2.00,
7053,4.50,1.00,2.00,
7054,256.00,817.00,0.37,
7055,39.75,5.00,1.99,
7056,4.75,0.00,2.00,
7057,12.75,1.00,2.00,
7058,226.25,736.00,0.53,
7059,387.50,767.00,0.47,
7060,274.75,789.00,0.42,
7061,218.00,772.00,0.46,
7062,181.75,755.00,0.49,
7063,6.50,0.00,2.00,
7064,15.00,0.00,2.00,
7065,323.50,841.00,0.32,
7066,7.50,0.00,2.00,
7067,0.75,0.00,2.00,
7068,0.25,0.00,2.00,
7069,262.25,828.00,0.34,
7070,25.75,3.00,1.99,
7071,5.50,2.00,2.00,
7072,210.00,838.00,0.32,
7073,286.00,769.00,0.46,
7074,3.00,0.00,2.00,
7075,269.25,798.00,0.40,
7076,9.25,1.00,2.00,
7077,3.75,0.00,2.00,
7078,2.50,0.00,2.00,
7079,258.25,781.00,0.44,
7080,2.75,0.00,2.00,
7081,4.75,0.00,2.00,
7082,0.50,0.00,2.00,
7083,260.25,714.00,0.57,
7084,11.25,2.00,2.00,
7085,4.25,0.00,2.00,
7086,246.50,788.00,0.42,
7087,3.75,0.00,2.00,
7088,11.25,1.00,2.00,
7089,4.00,0.00,2.00,
7090,1.75,0.00,2.00,
7091,3.50,0.00,2.00,
7092,2.75,0.00,2.00,
7093,215.75,826.00,0.35,
7094,297.25,816.00,0.37,
7095,310.50,783.00,0.43,
7096,8.75,0.00,2.00,
7097,4.25,0.00,2.00,
7098,4.50,0.00,2.00,
7099,7.00,0.00,2.00,
7100,210.25,833.00,0.33,
7101,8.00,0.00,2.00,
7102,267.25,764.00,0.47,
7103,3.25,0.00,2.00,
7104,12.50,0.00,2.00,
7105,280.50,743.00,0.51,
7106,2.50,1.00,2.00,
7107,208.00,753.00,0.49,
7108,279.75,789.00,0.42,
7109,5.00,0.00,2.00,
7110,0.25,0.00,2.00,
7111,5.50,0.00,2.00,
7112,353.00,814.00,0.37,
7113,24.00,3.00,1.99,
7114,1.25,0.00,2.00,
7115,30.50,6.00,1.99,
7116,4.25,0.00,2.00,
7117,220.50,770.00,0.46,
7118,8.00,0.00,2.00,
7119,258.25,819.00,0.36,
7120,286.75,742.00,0.52,
7121,212.75,783.00,0.43,
7122,220.75,802.00,0.40,
7123,358.00,839.00,0.32,
7124,240.50,803.00,0.39,
7125,17.00,1.00,2.00,
7126,0.25,0.00,2.00,
7127,17.75,1.00,2.00,
7128,243.00,788.00,0.42,
7129,251.00,807.00,0.39,
7130,12.75,0.00,2.00,
7131,224.50,794.00,0.41,
7132,196.75,847.00,0.31,
7133,244.75,790.00,0.42,
7134,14.25,2.00,2.00,
7135,244.75,823.00,0.35,
7136,290.75,798.00,0.40,
7137,1.00,0.00,2.00,
7138,223.75,829.00,0.34,
7139,215.25,774.00,0.45,
7140,9.25,0.00,2.00,
7141,1.00,0.00,2.00,
7142,5.75,0.00,2.00,
7143,196.50,841.00,0.32,
7144,243.75,773.00,0.45,
7145,2.00,0.00,2.00,
7146,275.50,752.00,0.50,
7147,218.00,794.00,0.41,
7148,185.75,810.00,0.38,
7149,4.50,0.00,2.00,
7150,3.00,0.00,2.00,
7151,285.00,770.00,0.46,
7152,0.75,0.00,2.00,
7153,295.25,768.00,0.46,
7154,2.25,0.00,2.00,
7155,8.00,0.00,2.00,
7156,247.25,759.00,0.48,
7157,16.50,0.00,2.00,
7158,251.75,833.00,0.33,
7159,243.25,728.00,0.54,
7160,236.50,791.00,0.42,
7161,194.75,810.00,0.38,
7162,46.50,8.00,1.98,
7163,206.25,777.00,0.45,
7164,230.50,853.00,0.29,
7165,287.25,845.00,0.31,
7166,290.00,774.00,0.45,
7167,245.00,802.00,0.40,
7168,0.75,0.00,2.00,
7169,3.50,0.00,2.00,
7170,190.50,780.00,0.44,
7171,2.75,0.00,2.00,
7172,7.00,0.00,2.00,
7173,14.50,2.00,2.00,
7174,48.50,4.00,1.99,
7175,201.50,818.00,0.36,
7176,22.75,4.00,1.99,
7177,25.50,2.00,2.00,
7178,1.00,0.00,2.00,
7179,262.75,836.00,0.33,
7180,1.25,0.00,2.00,
7181,236.25,756.00,0.49,
7182,8.25,1.00,2.00,
7183,3.00,0.00,2.00,
7184,0.25,0.00,2.00,
7185,260.50,793.00,0.41,
7186,0.75,0.00,2.00,
7187,4.25,0.00,2.00,
7188,24.50,4.00,1.99,
7189,291.00,839.00,0.32,
7190,24.75,4.00,1.99,
7191,246.75,762.00,0.48,
7192,291.00,816.00,0.37,
7193,228.50,831.00,0.34,
7194,280.50,763.00,0.47,
7195,304.25,822.00,0.36,
7196,7.75,0.00,2.00,
7197,244.50,839.00,0.32,
7198,0.75,0.00,2.00,
7199,219.50,795.00,0.41,
7200,8.00,0.00,2.00,
7201,189.50,810.00,0.38,
7202,13.25,3.00,1.99,
7203,9.25,1.00,2.00,
7204,0.25,0.00,2.00,
7205,13.00,2.00,2.00,
7206,3.00,0.00,2.00,
7207,231.50,819.00,0.36,
7208,206.00,812.00,0.38,
7209,216.25,815.00,0.37,
7210,223.50,829.00,0.34,
7211,327.00,823.00,0.35,
7212,329.75,807.00,0.39,
7213,1.00,0.00,2.00,
7214,2.50,0.00,2.00,
7215,23.75,4.00,1.99,
7216,1.75,0.00,2.00,
7217,209.75,811.00,0.38,
7218,34.75,4.00,1.99,
7219,231.25,816.00,0.37,
7220,225.50,779.00,0.44,
7221,0.25,0.00,2.00,
7222,15.50,0.00,2.00,
7223,2.75,0.00,2.00,
7224,17.25,1.00,2.00,
7225,226.25,795.00,0.41,
7226,0.25,0.00,2.00,
7227,211.25,809.00,0.38,
7228,203.25,800.00,0.40,
7229,26.25,5.00,1.99,
7230,277.75,824.00,0.35,
7231,5.75,0.00,2.00,
7232,224.00,800.00,0.40,
7233,328.50,787.00,0.43,
7234,13.25,0.00,2.00,
7235,20.75,1.00,2.00,
7236,244.25,826.00,0.35,
7237,9.50,0.00,2.00,
7238,6.00,1.00,2.00,
7239,19.75,0.00,2.00,
7240,232.00,801.00,0.40,
7241,188.75,749.00,0.50,
7242,9.25,1.00,2.00,
7243,12.50,0.00,2.00,
7244,190.25,790.00,0.42,
7245,2.75,0.00,2.00,
7246,9.00,0.00,2.00,
7247,6.00,1.00,2.00,
7248,19.25,2.00,2.00,
7249,4.75,0.00,2.00,
7250,29.25,3.00,1.99,
7251,239.25,845.00,0.31,
7252,1.25,0.00,2.00,
7253,11.00,1.00,2.00,
7254,268.25,816.00,0.37,
7255,10.50,0.00,2.00,
7256,2.75,0.00,2.00,
7257,217.50,801.00,0.40,
7258,11.75,0.00,2.00,
7259,1.75,0.00,2.00,
7260,7.25,0.00,2.00,
7261,219.75,793.00,0.41,
7262,275.00,804.00,0.39,
7263,2.75,0.00,2.00,
7264,10.75,0.00,2.00,
7265,4.25,0.00,2.00,
7266,6.25,2.00,2.00,
7267,4.50,0.00,2.00,
7268,1.50,0.00,2.00,
7269,7.00,0.00,2.00,
7270,7.75,0.00,2.00,
7271,28.25,5.00,1.99,
7272,35.25,6.00,1.99,
7273,7.25,0.00,2.00,
7274,247.25,794.00,0.41,
7275,265.50,758.00,0.48,
7276,308.25,803.00,0.39,
7277,250.50,771.00,0.46,
7278,5.75,2.00,2.00,
7279,5.50,0.00,2.00,
7280,219.75,796.00,0.41,
7281,11.00,2.00,2.00,
7282,310.00,788.00,0.42,
7283,37.75,6.00,1.99,
7284,2.00,0.00,2.00,
7285,21.00,3.00,1.99,
7286,261.50,825.00,0.35,
7287,6.50,0.00,2.00,
7288,10.00,0.00,2.00,
7289,251.75,807.00,0.39,
7290,270.25,795.00,0.41,
7291,1.00,0.00,2.00,
7292,5.00,0.00,2.00,
7293,292.75,790.00,0.42,
7294,2.25,0.00,2.00,
7295,204.00,749.00,0.50,
7296,275.75,773.00,0.45,
7297,5.00,0.00,2.00,
7298,245.00,781.00,0.44,
7299,262.75,786.00,0.43,
7300,204.25,716.00,0.57,
7301,2.25,0.00,2.00,
7302,234.75,750.00,0.50,
7303,4.25,0.00,2.00,
7304,25.00,1.00,2.00,
7305,275.75,854.00,0.29,
7306,26.25,3.00,1.99,
7307,9.75,0.00,2.00,
7308,11.75,1.00,2.00,
7309,11.00,0.00,2.00,
7310,40.50,4.00,1.99,
7311,252.00,832.00,0.34,
7312,12.00,0.00,2.00,
7313,189.25,751.00,0.50,
7314,13.75,3.00,1.99,
7315,15.75,3.00,1.99,
7316,261.25,794.00,0.41,
7317,27.00,0.00,2.00,
7318,294.50,779.00,0.44,
7319,240.75,820.00,0.36,
7320,0.75,0.00,2.00,
7321,302.25,827.00,0.35,
7322,42.50,3.00,1.99,
7323,5.00,0.00,2.00,
7324,6.50,0.00,2.00,
7325,159.75,803.00,0.39,
7326,356.50,759.00,0.48,
7327,5.00,0.00,2.00,
7328,308.00,802.00,0.40,
7329,266.50,782.00,0.44,
7330,222.25,771.00,0.46,
7331,14.00,0.00,2.00,
7332,42.00,2.00,2.00,
7333,1.00,0.00,2.00,
7334,205.00,778.00,0.44,
7335,65.00,25.00,1.95,
7336,23.25,3.00,1.99,
7337,8.00,0.00,2.00,
7338,3.25,1.00,2.00,
7339,6.75,0.00,2.00,
7340,8.00,0.00,2.00,
7341,202.25,820.00,0.36,
7342,237.75,795.00,0.41,
7343,241.75,771.00,0.46,
7344,199.25,837.00,0.33,
7345,210.50,804.00,0.39,
7346,265.00,775.00,0.45,
7347,2.50,0.00,2.00,
7348,6.00,1.00,2.00,
7349,6.25,0.00,2.00,
7350,228.75,775.00,0.45,
7351,3.25,0.00,2.00,
7352,5.25,2.00,2.00,
7353,2.50,0.00,2.00,
7354,273.00,779.00,0.44,
7355,230.25,823.00,0.35,
7356,251.25,785.00,0.43,
7357,20.75,3.00,1.99,
7358,328.00,791.00,0.42,
7359,304.75,770.00,0.46,
7360,302.50,805.00,0.39,
7361,274.25,752.00,0.50,
7362,13.25,1.00,2.00,
7363,216.25,790.00,0.42,
7364,55.25,5.00,1.99,
7365,282.25,792.00,0.42,
7366,240.75,808.00,0.38,
7367,4.00,0.00,2.00,
7368,249.50,798.00,0.40,
7369,220.75,764.00,0.47,
7370,20.75,2.00,2.00,
7371,4.25,0.00,2.00,
7372,208.50,760.00,0.48,
7373,308.00,808.00,0.38,
7374,14.75,2.00,2.00,
7375,5.50,0.00,2.00,
7376,339.00,823.00,0.35,
7377,11.50,0.00,2.00,
7378,6.75,0.00,2.00,
7379,15.00,1.00,2.00,
7380,10.50,0.00,2.00,
7381,2.75,0.00,2.00,
7382,24.25,1.00,2.00,
7383,17.00,1.00,2.00,
7384,1.00,0.00,2.00,
7385,2.75,0.00,2.00,
7386,298.50,780.00,0.44,
7387,12.25,0.00,2.00,
7388,22.00,3.00,1.99,
7389,269.00,774.00,0.45,
7390,206.75,837.00,0.33,
7391,14.00,1.00,2.00,
7392,11.75,1.00,2.00,
7393,35.00,7.00,1.99,
7394,6.00,0.00,2.00,
7395,302.00,829.00,0.34,
7396,258.25,816.00,0.37,
7397,225.50,741.00,0.52,
7398,0.25,0.00,2.00,
7399,279.75,814.00,0.37,
7400,222.75,834.00,0.33,
7401,273.75,796.00,0.41,
7402,245.00,807.00,0.39,
7403,245.75,825.00,0.35,
7404,202.00,805.00,0.39,
7405,3.25,0.00,2.00,
7406,1.00,0.00,2.00,
7407,1.50,0.00,2.00,
7408,29.75,5.00,1.99,
7409,270.00,791.00,0.42,
7410,284.75,812.00,0.38,
7411,200.75,842.00,0.32,
7412,287.25,780.00,0.44,
7413,7.25,0.00,2.00,
7414,193.00,789.00,0.42,
7415,19.00,2.00,2.00,
7416,6.00,1.00,2.00,
7417,238.50,777.00,0.45,
7418,254.50,795.00,0.41,
7419,285.75,725.00,0.55,
7420,10.25,0.00,2.00,
7421,210.00,810.00,0.38,
7422,0.75,0.00,2.00,
7423,18.25,1.00,2.00,
7424,319.00,780.00,0.44,
7425,2.25,0.00,2.00,
7426,278.25,778.00,0.44,
7427,10.00,0.00,2.00,
7428,250.50,792.00,0.42,
7429,309.00,813.00,0.37,
7430,4.00,0.00,2.00,
7431,278.00,833.00,0.33,
7432,4.25,0.00,2.00,
7433,10.75,0.00,2.00,
7434,253.75,810.00,0.38,
7435,295.75,771.00,0.46,
7436,0.50,0.00,2.00,
7437,11.50,0.00,2.00,
7438,298.75,777.00,0.45,
7439,15.25,5.00,1.99,
7440,1.75,0.00,2.00,
7441,305.50,793.00,0.41,
7442,0.50,0.00,2.00,
7443,250.00,807.00,0.39,
7444,238.25,815.00,0.37,
7445,280.75,802.00,0.40,
7446,7.50,0.00,2.00,
7447,0.50,0.00,2.00,
7448,221.00,787.00,0.43,
7449,7.00,0.00,2.00,
7450,263.25,798.00,0.40,
7451,283.50,765.00,0.47,
7452,201.00,809.00,0.38,
7453,8.50,1.00,2.00,
7454,9.75,0.00,2.00,
7455,0.25,0.00,2.00,
7456,256.75,825.00,0.35,
7457,269.75,799.00,0.40,
7458,6.00,0.00,2.00,
7459,254.75,824.00,0.35,
7460,24.25,6.00,1.99,
7461,10.50,0.00,2.00,
7462,1.25,0.00,2.00,
7463,299.75,780.00,0.44,
7464,19.75,2.00,2.00,
7465,8.75,0.00,2.00,
7466,246.50,798.00,0.40,
7467,266.25,783.00,0.43,
7468,305.00,826.00,0.35,
7469,316.50,800.00,0.40,
7470,211.00,754.00,0.49,
7471,271.25,778.00,0.44,
7472,265.75,781.00,0.44,
7473,5.00,1.00,2.00,
7474,222.50,757.00,0.49,
7475,1.75,0.00,2.00,
7476,203.75,758.00,0.48,
7477,19.50,3.00,1.99,
7478,8.00,2.00,2.00,
7479,7.75,0.00,2.00,
7480,175.50,761.00,0.48,
7481,223.00,795.00,0.41,
7482,276.75,834.00,0.33,
7483,2.75,0.00,2.00,
7484,1.00,0.00,2.00,
7485,242.50,803.00,0.39,
7486,3.75,0.00,2.00,
7487,211.00,756.00,0.49,
7488,239.50,817.00,0.37,
7489,321.25,831.00,0.34,
7490,219.50,790.00,0.42,
7491,210.25,842.00,0.32,
7492,252.00,839.00,0.32,
7493,22.25,1.00,2.00,
7494,1.50,0.00,2.00,
7495,53.25,5.00,1.99,
7496,5.50,0.00,2.00,
7497,236.25,831.00,0.34,
7498,6.25,0.00,2.00,
7499,17.25,1.00,2.00,
7500,12.00,1.00,2.00,
7501,28.50,6.00,1.99,
7502,8.00,0.00,2.00,
7503,5.00,0.00,2.00,
7504,271.00,789.00,0.42,
7505,301.00,785.00,0.43,
7506,5.50,0.00,2.00,
7507,248.00,796.00,0.41,
7508,306.75,771.00,0.46,
7509,213.75,830.00,0.34,
7510,3.00,0.00,2.00,
7511,305.50,847.00,0.31,
7512,6.75,0.00,2.00,
7513,7.50,0.00,2.00,
7514,3.50,0.00,2.00,
7515,250.00,822.00,0.36,
7516,257.50,838.00,0.32,
7517,230.00,771.00,0.46,
7518,6.00,1.00,2.00,
7519,0.75,0.00,2.00,
7520,12.00,2.00,2.00,
7521,8.00,1.00,2.00,
7522,264.25,835.00,0.33,
7523,9.00,0.00,2.00,
7524,248.00,774.00,0.45,
7525,10.75,4.00,1.99,
7526,308.25,766.00,0.47,
7527,8.75,2.00,2.00,
7528,4.50,0.00,2.00,
7529,41.75,3.00,1.99,
7530,329.75,807.00,0.39,
7531,246.00,861.00,0.28,
7532,4.50,0.00,2.00,
7533,3.75,0.00,2.00,
7534,245.50,758.00,0.48,
7535,271.00,794.00,0.41,
7536,1.50,1.00,2.00,
7537,1.25,0.00,2.00,
7538,3.00,0.00,2.00,
7539,246.25,799.00,0.40,
7540,197.00,785.00,0.43,
7541,6.00,1.00,2.00,
7542,272.00,784.00,0.43,
7543,227.00,782.00,0.44,
7544,214.75,755.00,0.49,
7545,270.00,785.00,0.43,
7546,311.00,807.00,0.39,
7547,12.75,1.00,2.00,
7548,326.25,846.00,0.31,
7549,258.00,811.00,0.38,
7550,229.25,838.00,0.32,
7551,5.25,0.00,2.00,
7552,2.25,0.00,2.00,
7553,187.00,817.00,0.37,
7554,5.75,0.00,2.00,
7555,4.75,0.00,2.00,
7556,2.50,0.00,2.00,
7557,269.25,804.00,0.39,
7558,224.00,816.00,0.37,
7559,0.75,0.00,2.00,
7560,10.50,2.00,2.00,
7561,200.75,858.00,0.28,
7562,5.75,1.00,2.00,
7563,234.00,835.00,0.33,
7564,239.75,825.00,0.35,
7565,8.00,0.00,2.00,
7566,240.25,813.00,0.37,
7567,220.50,815.00,0.37,
7568,279.00,796.00,0.41,
7569,1.25,0.00,2.00,
7570,7.50,0.00,2.00,
7571,16.50,1.00,2.00,
7572,286.75,771.00,0.46,
7573,39.50,5.00,1.99,
7574,4.25,0.00,2.00,
7575,1.75,0.00,2.00,
7576,13.50,0.00,2.00,
7577,297.25,816.00,0.37,
7578,0.25,0.00,2.00,
7579,2.50,0.00,2.00,
7580,192.25,748.00,0.50,
7581,369.25,780.00,0.44,
7582,234.00,753.00,0.49,
7583,7.25,0.00,2.00,
7584,318.50,841.00,0.32,
7585,16.75,2.00,2.00,
7586,13.00,0.00,2.00,
7587,232.75,794.00,0.41,
7588,255.00,786.00,0.43,
7589,327.75,807.00,0.39,
7590,2.50,0.00,2.00,
7591,284.00,775.00,0.45,
7592,267.50,817.00,0.37,
7593,219.75,858.00,0.28,
7594,209.00,816.00,0.37,
7595,210.25,864.00,0.27,
7596,335.50,819.00,0.36,
7597,297.75,756.00,0.49,
7598,4.75,0.00,2.00,
7599,12.50,0.00,2.00,
7600,242.75,728.00,0.54,
7601,8.00,0.00,2.00,
7602,13.75,2.00,2.00,
7603,20.75,8.00,1.98,
7604,272.25,827.00,0.35,
7605,9.00,1.00,2.00,
7606,227.25,837.00,0.33,
7607,5.25,0.00,2.00,
7608,241.75,851.00,0.30,
7609,21.00,3.00,1.99,
7610,22.75,11.00,1.98,
7611,7.25,0.00,2.00,
7612,286.75,805.00,0.39,
7613,19.00,1.00,2.00,
7614,1.00,0.00,2.00,
7615,21.75,2.00,2.00,
7616,48.75,5.00,1.99,
7617,216.50,764.00,0.47,
7618,219.50,795.00,0.41,
7619,9.75,0.00,2.00,
7620,209.50,818.00,0.36,
7621,226.25,811.00,0.38,
7622,69.75,11.00,1.98,
7623,261.75,827.00,0.35,
7624,331.75,810.00,0.38,
7625,268.25,795.00,0.41,
7626,14.00,1.00,2.00,
7627,229.75,817.00,0.37,
7628,16.50,0.00,2.00,
7629,288.25,776.00,0.45,
7630,234.50,750.00,0.50,
7631,301.50,836.00,0.33,
7632,15.25,0.00,2.00,
7633,2.75,0.00,2.00,
7634,234.50,794.00,0.41,
7635,212.00,860.00,0.28,
7636,2.50,0.00,2.00,
7637,259.25,787.00,0.43,
7638,224.25,744.00,0.51,
7639,223.00,779.00,0.44,
7640,3.50,0.00,2.00,
7641,32.50,2.00,2.00,
7642,7.50,0.00,2.00,
7643,2.25,0.00,2.00,
7644,225.00,817.00,0.37,
7645,47.25,3.00,1.99,
7646,0.25,0.00,2.00,
7647,1.25,0.00,2.00,
7648,8.50,0.00,2.00,
7649,301.25,789.00,0.42,
7650,227.75,828.00,0.34,
7651,2.50,1.00,2.00,
7652,11.75,1.00,2.00,
7653,1.00,0.00,2.00,
7654,262.75,838.00,0.32,
7655,7.75,1.00,2.00,
7656,3.00,0.00,2.00,
7657,3.50,0.00,2.00,
7658,11.50,0.00,2.00,
7659,38.75,4.00,1.99,
7660,215.25,846.00,0.31,
7661,233.50,806.00,0.39,
7662,0.75,0.00,2.00,
7663,278.75,838.00,0.32,
7664,292.50,812.00,0.38,
7665,38.50,3.00,1.99,
7666,2.00,0.00,2.00,
7667,26.25,1.00,2.00,
7668,4.50,0.00,2.00,
7669,217.50,812.00,0.38,
7670,288.25,833.00,0.33,
7671,255.50,798.00,0.40,
7672,344.00,820.00,0.36,
7673,209.50,757.00,0.49,
7674,246.00,735.00,0.53,
7675,294.75,818.00,0.36,
7676,275.25,774.00,0.45,
7677,20.00,1.00,2.00,
7678,3.50,0.00,2.00,
7679,326.75,781.00,0.44,
7680,293.75,797.00,0.41,
7681,4.50,0.00,2.00,
7682,8.50,1.00,2.00,
7683,23.00,5.00,1.99,
7684,6.75,0.00,2.00,
7685,242.00,793.00,0.41,
7686,2.25,0.00,2.00,
7687,9.25,0.00,2.00,
7688,4.50,0.00,2.00,
7689,3.25,0.00,2.00,
7690,1.75,0.00,2.00,
7691,238.00,831.00,0.34,
7692,18.25,2.00,2.00,
7693,1.00,0.00,2.00,
7694,270.25,822.00,0.36,
7695,310.00,792.00,0.42,
7696,16.25,1.00,2.00,
7697,0.50,0.00,2.00,
7698,241.75,839.00,0.32,
7699,302.75,834.00,0.33,
7700,9.75,1.00,2.00,
7701,249.50,781.00,0.44,
7702,239.50,771.00,0.46,
7703,280.25,813.00,0.37,
7704,262.75,749.00,0.50,
7705,349.75,800.00,0.40,
7706,1.50,0.00,2.00,
7707,307.75,788.00,0.42,
7708,19.50,2.00,2.00,
7709,1.75,0.00,2.00,
7710,208.00,788.00,0.42,
7711,8.75,1.00,2.00,
7712,344.00,823.00,0.35,
7713,270.50,830.00,0.34,
7714,1.00,0.00,2.00,
7715,197.50,843.00,0.31,
7716,1.50,0.00,2.00,
7717,2.25,0.00,2.00,
7718,9.75,0.00,2.00,
7719,2.00,0.00,2.00,
7720,27.25,2.00,2.00,
7721,1.00,0.00,2.00,
7722,2.25,0.00,2.00,
7723,234.50,819.00,0.36,
7724,283.75,835.00,0.33,
7725,270.50,827.00,0.35,
7726,262.25,828.00,0.34,
7727,289.50,810.00,0.38,
7728,18.75,2.00,2.00,
7729,36.25,6.00,1.99,
7730,233.00,816.00,0.37,
7731,33.75,2.00,2.00,
7732,13.50,1.00,2.00,
7733,243.75,839.00,0.32,
7734,280.75,815.00,0.37,
7735,0.50,0.00,2.00,
7736,327.00,816.00,0.37,
7737,206.75,812.00,0.38,
7738,2.50,0.00,2.00,
7739,212.50,825.00,0.35,
7740,4.50,0.00,2.00,
7741,6.50,0.00,2.00,
7742,308.75,770.00,0.46,
7743,1.50,0.00,2.00,
7744,298.50,832.00,0.34,
7745,206.50,804.00,0.39,
7746,7.25,0.00,2.00,
7747,230.00,760.00,0.48,
7748,7.50,1.00,2.00,
7749,3.00,1.00,2.00,
7750,305.25,802.00,0.40,
7751,279.75,835.00,0.33,
7752,33.50,9.00,1.98,
7753,4.00,0.00,2.00,
7754,216.50,829.00,0.34,
7755,5.25,1.00,2.00,
7756,5.00,0.00,2.00,
7757,271.00,822.00,0.36,
7758,14.25,1.00,2.00,
7759,8.50,0.00,2.00,
7760,4.75,0.00,2.00,
7761,306.00,806.00,0.39,
7762,1.00,0.00,2.00,
7763,242.75,787.00,0.43,
7764,290.00,804.00,0.39,
7765,23.50,1.00,2.00,
7766,1.00,0.00,2.00,
7767,245.00,772.00,0.46,
7768,226.00,788.00,0.42,
7769,244.25,811.00,0.38,
7770,311.25,799.00,0.40,
7771,6.00,0.00,2.00,
7772,3.25,0.00,2.00,
7773,5.25,0.00,2.00,
7774,5.25,0.00,2.00,
7775,11.75,1.00,2.00,
7776,275.25,809.00,0.38,
7777,243.25,843.00,0.31,
7778,273.25,762.00,0.48,
7779,2.00,0.00,2.00,
7780,17.25,1.00,2.00,
7781,219.75,790.00,0.42,
7782,9.50,0.00,2.00,
7783,242.50,775.00,0.45,
7784,1.75,0.00,2.00,
7785,2.25,0.00,2.00,
7786,40.25,4.00,1.99,
7787,228.25,797.00,0.41,
7788,251.25,821.00,0.36,
7789,235.25,809.00,0.38,
7790,235.50,790.00,0.42,
7791,6.25,1.00,2.00,
7792,8.25,0.00,2.00,
7793,4.25,0.00,2.00,
7794,208.00,824.00,0.35,
7795,268.00,763.00,0.47,
7796,20.75,1.00,2.00,
7797,201.50,769.00,0.46,
7798,265.25,778.00,0.44,
7799,193.00,817.00,0.37,
7800,226.25,810.00,0.38,
7801,315.50,777.00,0.45,
7802,275.25,799.00,0.40,
7803,268.25,825.00,0.35,
7804,291.50,825.00,0.35,
7805,23.75,9.00,1.98,
7806,10.50,0.00,2.00,
7807,328.50,846.00,0.31,
7808,361.25,799.00,0.40,
7809,204.00,797.00,0.41,
7810,274.00,814.00,0.37,
7811,234.75,803.00,0.39,
7812,29.75,2.00,2.00,
7813,21.75,0.00,2.00,
7814,299.00,851.00,0.30,
7815,249.50,770.00,0.46,
7816,225.75,812.00,0.38,
7817,269.50,749.00,0.50,
7818,310.75,798.00,0.40,
7819,213.75,668.00,0.66,
7820,235.25,741.00,0.52,
7821,14.50,1.00,2.00,
7822,0.25,0.00,2.00,
7823,287.25,788.00,0.42,
7824,236.00,810.00,0.38,
7825,192.75,809.00,0.38,
7826,286.00,811.00,0.38,
7827,17.50,0.00,2.00,
7828,0.75,0.00,2.00,
7829,227.25,738.00,0.52,
7830,3.00,0.00,2.00,
7831,275.25,803.00,0.39,
7832,5.75,1.00,2.00,
7833,15.75,2.00,2.00,
7834,38.50,3.00,1.99,
7835,25.25,5.00,1.99,
7836,4.00,0.00,2.00,
7837,263.50,786.00,0.43,
7838,322.25,793.00,0.41,
7839,3.25,0.00,2.00,
7840,358.25,763.00,0.47,
7841,200.50,808.00,0.38,
7842,10.00,0.00,2.00,
7843,254.75,751.00,0.50,
7844,202.00,804.00,0.39,
7845,2.25,0.00,2.00,
7846,253.75,834.00,0.33,
7847,192.50,825.00,0.35,
7848,7.50,0.00,2.00,
7849,202.75,859.00,0.28,
7850,1.75,0.00,2.00,
7851,37.25,5.00,1.99,
7852,44.00,2.00,2.00,
7853,11.75,0.00,2.00,
7854,241.00,782.00,0.44,
7855,3.50,0.00,2.00,
7856,1.25,0.00,2.00,
7857,15.50,2.00,2.00,
7858,247.00,754.00,0.49,
7859,3.25,0.00,2.00,
7860,0.75,0.00,2.00,
7861,8.25,0.00,2.00,
7862,6.50,0.00,2.00,
7863,178.00,824.00,0.35,
7864,12.50,0.00,2.00,
7865,2.75,0.00,2.00,
7866,346.25,783.00,0.43,
7867,2.75,0.00,2.00,
7868,3.50,0.00,2.00,
7869,210.75,792.00,0.42,
7870,290.75,818.00,0.36,
7871,256.75,836.00,0.33,
7872,254.00,822.00,0.36,
7873,1.75,0.00,2.00,
7874,31.00,1.00,2.00,
7875,0.50,0.00,2.00,
7876,226.25,810.00,0.38,
7877,228.50,770.00,0.46,
7878,273.25,798.00,0.40,
7879,322.25,795.00,0.41,
7880,1.50,0.00,2.00,
7881,210.75,826.00,0.35,
7882,272.50,810.00,0.38,
7883,274.75,777.00,0.45,
7884,2.25,0.00,2.00,
7885,255.75,814.00,0.37,
7886,3.75,0.00,2.00,
7887,246.75,837.00,0.33,
7888,2.25,0.00,2.00,
7889,1.25,0.00,2.00,
7890,5.75,0.00,2.00,
7891,198.50,807.00,0.39,
7892,27.75,2.00,2.00,
7893,267.75,834.00,0.33,
7894,256.75,811.00,0.38,
7895,1.50,0.00,2.00,
7896,233.25,801.00,0.40,
7897,266.25,860.00,0.28,
7898,234.50,823.00,0.35,
7899,236.50,850.00,0.30,
7900,257.25,783.00,0.43,
7901,237.50,799.00,0.40,
7902,11.00,0.00,2.00,
7903,8.50,0.00,2.00,
7904,230.00,798.00,0.40,
7905,2.75,0.00,2.00,
7906,263.75,794.00,0.41,
7907,226.50,803.00,0.39,
7908,212.50,745.00,0.51,
7909,1.75,0.00,2.00,
7910,291.75,830.00,0.34,
7911,0.25,0.00,2.00,
7912,261.75,836.00,0.33,
7913,245.25,762.00,0.48,
7914,2.00,0.00,2.00,
7915,270.50,814.00,0.37,
7916,326.75,761.00,0.48,
7917,2.25,0.00,2.00,
7918,3.25,1.00,2.00,
7919,299.25,855.00,0.29,
7920,1.75,0.00,2.00,
7921,244.00,793.00,0.41,
7922,1.25,0.00,2.00,
7923,25.75,0.00,2.00,
7924,6.00,0.00,2.00,
7925,3.00,0.00,2.00,
7926,251.75,833.00,0.33,
7927,10.50,0.00,2.00,
7928,229.75,825.00,0.35,
7929,0.75,0.00,2.00,
7930,263.75,781.00,0.44,
7931,226.00,812.00,0.38,
7932,1.50,0.00,2.00,
7933,3.75,0.00,2.00,
7934,5.00,0.00,2.00,
7935,12.25,0.00,2.00,
7936,2.00,0.00,2.00,
7937,13.50,2.00,2.00,
7938,4.50,0.00,2.00,
7939,218.25,808.00,0.38,
7940,258.75,761.00,0.48,
7941,0.75,0.00,2.00,
7942,15.75,1.00,2.00,
7943,296.50,758.00,0.48,
7944,10.00,1.00,2.00,
7945,232.50,833.00,0.33,
7946,313.50,752.00,0.50,
7947,25.75,4.00,1.99,
7948,0.25,0.00,2.00,
7949,4.50,0.00,2.00,
7950,1.50,0.00,2.00,
7951,7.50,0.00,2.00,
7952,296.50,800.00,0.40,
7953,6.50,0.00,2.00,
7954,289.50,774.00,0.45,
7955,207.25,800.00,0.40,
7956,254.75,778.00,0.44,
7957,0.25,0.00,2.00,
7958,267.25,797.00,0.41,
7959,221.75,781.00,0.44,
7960,9.00,1.00,2.00,
7961,232.25,743.00,0.51,
7962,283.50,800.00,0.40,
7963,269.50,797.00,0.41,
7964,278.00,736.00,0.53,
7965,9.00,0.00,2.00,
7966,222.75,772.00,0.46,
7967,248.50,789.00,0.42,
7968,310.50,789.00,0.42,
7969,277.50,819.00,0.36,
7970,224.50,807.00,0.39,
7971,182.75,849.00,0.30,
7972,272.00,824.00,0.35,
7973,26.00,7.00,1.99,
7974,4.75,0.00,2.00,
7975,292.25,785.00,0.43,
7976,261.25,781.00,0.44,
7977,240.75,802.00,0.40,
7978,199.25,828.00,0.34,
7979,20.50,0.00,2.00,
7980,216.00,803.00,0.39,
7981,290.00,821.00,0.36,
7982,235.00,821.00,0.36,
7983,191.75,806.00,0.39,
7984,254.50,845.00,0.31,
7985,243.25,757.00,0.49,
7986,0.25,0.00,2.00,
7987,5.25,0.00,2.00,
7988,287.50,837.00,0.33,
7989,244.00,803.00,0.39,
7990,2.75,0.00,2.00,
7991,293.00,790.00,0.42,
7992,220.25,815.00,0.37,
7993,225.50,819.00,0.36,
7994,264.25,769.00,0.46,
7995,247.00,806.00,0.39,
7996,5.00,0.00,2.00,
7997,257.50,782.00,0.44,
7998,27.50,3.00,1.99,
7999,255.50,835.00,0.33,
8000,245.25,787.00,0.43,
8001,235.00,817.00,0.37,
8002,4.25,0.00,2.00,
8003,14.50,0.00,2.00,
8004,1.75,0.00,2.00,
8005,23.50,2.00,2.00,
8006,5.00,0.00,2.00,
8007,40.75,3.00,1.99,
8008,16.75,0.00,2.00,
8009,7.00,0.00,2.00,
8010,2.25,0.00,2.00,
8011,184.50,790.00,0.42,
8012,1.00,0.00,2.00,
8013,18.75,1.00,2.00,
8014,255.00,816.00,0.37,
8015,240.50,762.00,0.48,
8016,257.25,770.00,0.46,
8017,319.00,851.00,0.30,
8018,9.25,1.00,2.00,
8019,6.50,1.00,2.00,
8020,5.75,0.00,2.00,
8021,271.50,876.00,0.25,
8022,12.00,1.00,2.00,
8023,14.25,1.00,2.00,
8024,312.75,717.00,0.57,
8025,13.25,1.00,2.00,
8026,391.25,775.00,0.45,
8027,4.75,0.00,2.00,
8028,1.50,0.00,2.00,
8029,229.00,837.00,0.33,
8030,244.25,831.00,0.34,
8031,6.00,0.00,2.00,
8032,2.50,0.00,2.00,
8033,20.00,2.00,2.00,
8034,199.75,755.00,0.49,
8035,223.00,832.00,0.34,
8036,238.00,832.00,0.34,
8037,5.75,0.00,2.00,
8038,241.25,795.00,0.41,
8039,7.00,1.00,2.00,
8040,4.25,0.00,2.00,
8041,42.75,12.00,1.98,
8042,217.00,853.00,0.29,
8043,8.50,0.00,2.00,
8044,38.00,6.00,1.99,
8045,2.00,0.00,2.00,
8046,161.25,784.00,0.43,
8047,234.25,789.00,0.42,
8048,0.75,0.00,2.00,
8049,225.50,734.00,0.53,
8050,284.00,810.00,0.38,
8051,2.25,0.00,2.00,
8052,4.75,0.00,2.00,
8053,7.00,1.00,2.00,
8054,0.25,0.00,2.00,
8055,270.25,796.00,0.41,
8056,11.75,0.00,2.00,
8057,258.25,780.00,0.44,
8058,281.75,794.00,0.41,
8059,261.50,832.00,0.34,
8060,12.75,1.00,2.00,
8061,215.00,819.00,0.36,
8062,246.00,827.00,0.35,
8063,13.75,2.00,2.00,
8064,282.25,801.00,0.40,
8065,244.50,762.00,0.48,
8066,12.25,2.00,2.00,
8067,230.00,778.00,0.44,
8068,37.25,3.00,1.99,
8069,231.00,802.00,0.40,
8070,7.50,0.00,2.00,
8071,5.00,1.00,2.00,
8072,250.50,833.00,0.33,
8073,5.50,0.00,2.00,
8074,206.00,803.00,0.39,
8075,0.75,0.00,2.00,
8076,37.00,4.00,1.99,
8077,262.50,758.00,0.48,
8078,236.25,812.00,0.38,
8079,1.25,0.00,2.00,
8080,5.75,1.00,2.00,
8081,6.75,0.00,2.00,
8082,1.25,0.00,2.00,
8083,253.75,813.00,0.37,
8084,231.25,846.00,0.31,
8085,243.00,779.00,0.44,
8086,237.50,796.00,0.41,
8087,304.75,759.00,0.48,
8088,12.50,1.00,2.00,
8089,264.25,821.00,0.36,
8090,0.75,0.00,2.00,
8091,9.75,0.00,2.00,
8092,5.75,0.00,2.00,
8093,15.75,1.00,2.00,
8094,7.50,1.00,2.00,
8095,0.50,0.00,2.00,
8096,247.50,793.00,0.41,
8097,13.75,1.00,2.00,
8098,238.50,797.00,0.41,
8099,268.50,856.00,0.29,
8100,261.50,768.00,0.46,
8101,11.75,0.00,2.00,
8102,24.50,1.00,2.00,
8103,7.50,0.00,2.00,
8104,1.50,0.00,2.00,
8105,257.50,740.00,0.52,
8106,281.75,823.00,0.35,
8107,23.00,1.00,2.00,
8108,9.25,0.00,2.00,
8109,0.25,0.00,2.00,
8110,8.75,0.00,2.00,
8111,7.50,0.00,2.00,
8112,8.50,0.00,2.00,
8113,241.75,803.00,0.39,
8114,235.00,779.00,0.44,
8115,256.50,792.00,0.42,
8116,285.25,810.00,0.38,
8117,284.25,818.00,0.36,
8118,245.50,800.00,0.40,
8119,5.50,1.00,2.00,
8120,246.25,814.00,0.37,
8121,250.50,795.00,0.41,
8122,222.25,794.00,0.41,
8123,278.00,814.00,0.37,
8124,333.00,825.00,0.35,
8125,3.75,1.00,2.00,
8126,290.25,839.00,0.32,
8127,228.00,828.00,0.34,
8128,257.25,752.00,0.50,
8129,261.75,766.00,0.47,
8130,287.25,854.00,0.29,
8131,5.00,0.00,2.00,
8132,274.50,786.00,0.43,
8133,6.25,1.00,2.00,
8134,243.25,820.00,0.36,
8135,0.75,0.00,2.00,
8136,308.50,808.00,0.38,
8137,2.25,0.00,2.00,
8138,7.50,0.00,2.00,
8139,16.50,0.00,2.00,
8140,233.00,825.00,0.35,
8141,3.50,0.00,2.00,
8142,216.25,834.00,0.33,
8143,269.00,810.00,0.38,
8144,6.25,0.00,2.00,
8145,24.25,3.00,1.99,
8146,202.25,778.00,0.44,
8147,24.00,5.00,1.99,
8148,256.75,781.00,0.44,
8149,255.75,812.00,0.38,
8150,231.25,793.00,0.41,
8151,5.25,0.00,2.00,
8152,19.50,1.00,2.00,
8153,205.50,799.00,0.40,
8154,2.00,0.00,2.00,
8155,8.50,0.00,2.00,
8156,214.00,826.00,0.35,
8157,236.25,784.00,0.43,
8158,256.25,774.00,0.45,
8159,269.75,801.00,0.40,
8160,243.75,801.00,0.40,
8161,259.00,806.00,0.39,
8162,1.75,0.00,2.00,
8163,212.25,795.00,0.41,
8164,3.00,0.00,2.00,
8165,37.50,2.00,2.00,
8166,282.25,817.00,0.37,
8167,12.75,0.00,2.00,
8168,0.75,0.00,2.00,
8169,235.50,815.00,0.37,
8170,14.75,1.00,2.00,
8171,19.50,1.00,2.00,
8172,17.00,1.00,2.00,
8173,4.75,0.00,2.00,
8174,10.00,0.00,2.00,
8175,3.25,0.00,2.00,
8176,255.00,812.00,0.38,
8177,300.25,786.00,0.43,
8178,11.00,0.00,2.00,
8179,0.75,0.00,2.00,
8180,15.25,3.00,1.99,
8181,2.00,0.00,2.00,
8182,1.25,0.00,2.00,
8183,1.75,0.00,2.00,
8184,192.50,818.00,0.36,
8185,225.75,781.00,0.44,
8186,0.25,0.00,2.00,
8187,285.50,821.00,0.36,
8188,245.25,793.00,0.41,
8189,8.25,0.00,2.00,
8190,6.00,0.00,2.00,
8191,297.25,781.00,0.44,
8192,257.00,817.00,0.37,
8193,243.75,810.00,0.38,
8194,245.00,817.00,0.37,
8195,10.00,1.00,2.00,
8196,213.25,760.00,0.48,
8197,1.75,0.00,2.00,
8198,2.25,0.00,2.00,
8199,243.25,810.00,0.38,
8200,11.50,1.00,2.00,
8201,285.75,820.00,0.36,
8202,20.75,2.00,2.00,
8203,0.75,0.00,2.00,
8204,231.50,835.00,0.33,
8205,1.00,0.00,2.00,
8206,262.75,762.00,0.48,
8207,258.50,813.00,0.37,
8208,8.00,0.00,2.00,
8209,7.50,0.00,2.00,
8210,241.25,817.00,0.37,
8211,5.00,0.00,2.00,
8212,21.50,7.00,1.99,
8213,3.25,0.00,2.00,
8214,13.00,0.00,2.00,
8215,281.25,768.00,0.46,
8216,1.00,0.00,2.00,
8217,9.75,1.00,2.00,
8218,163.75,788.00,0.42,
8219,1.25,0.00,2.00,
8220,0.75,0.00,2.00,
8221,272.50,807.00,0.39,
8222,262.50,736.00,0.53,
8223,66.00,34.00,1.93,
8224,320.25,799.00,0.40,
8225,254.00,817.00,0.37,
8226,11.75,0.00,2.00,
8227,1.50,0.00,2.00,
8228,300.25,834.00,0.33,
8229,3.50,0.00,2.00,
8230,14.25,2.00,2.00,
8231,227.00,786.00,0.43,
8232,4.00,0.00,2.00,
8233,233.25,803.00,0.39,
8234,7.25,0.00,2.00,
8235,346.50,763.00,0.47,
8236,26.50,6.00,1.99,
8237,3.75,1.00,2.00,
8238,28.75,4.00,1.99,
8239,236.25,782.00,0.44,
8240,0.25,0.00,2.00,
8241,246.00,785.00,0.43,
8242,5.50,0.00,2.00,
8243,9.50,0.00,2.00,
8244,2.75,0.00,2.00,
8245,9.00,0.00,2.00,
8246,54.00,11.00,1.98,
8247,9.00,0.00,2.00,
8248,2.75,0.00,2.00,
8249,49.00,6.00,1.99,
8250,3.50,0.00,2.00,
8251,264.75,783.00,0.43,
8252,0.25,0.00,2.00,
8253,2.75,0.00,2.00,
8254,240.00,771.00,0.46,
8255,2.50,0.00,2.00,
8256,1.75,0.00,2.00,
8257,1.75,0.00,2.00,
8258,300.25,757.00,0.49,
8259,245.50,814.00,0.37,
8260,6.25,0.00,2.00,
8261,225.50,809.00,0.38,
8262,3.25,0.00,2.00,
8263,219.00,736.00,0.53,
8264,247.50,772.00,0.46,
8265,8.25,0.00,2.00,
8266,13.75,1.00,2.00,
8267,10.25,0.00,2.00,
8268,260.50,776.00,0.45,
8269,389.00,790.00,0.42,
8270,0.25,0.00,2.00,
8271,17.00,3.00,1.99,
8272,1.50,0.00,2.00,
8273,202.50,814.00,0.37,
8274,190.00,807.00,0.39,
8275,236.50,786.00,0.43,
8276,8.75,1.00,2.00,
8277,6.50,0.00,2.00,
8278,0.75,0.00,2.00,
8279,4.75,0.00,2.00,
8280,272.25,808.00,0.38,
8281,6.25,0.00,2.00,
8282,1.00,0.00,2.00,
8283,3.00,0.00,2.00,
8284,3.00,0.00,2.00,
8285,299.00,790.00,0.42,
8286,17.50,1.00,2.00,
8287,224.50,812.00,0.38,
8288,285.75,744.00,0.51,
8289,0.50,0.00,2.00,
8290,2.75,0.00,2.00,
8291,1.50,0.00,2.00,
8292,3.00,0.00,2.00,
8293,0.50,0.00,2.00,
8294,17.25,0.00,2.00,
8295,18.25,8.00,1.98,
8296,7.75,2.00,2.00,
8297,4.25,0.00,2.00,
8298,16.50,3.00,1.99,
8299,166.75,785.00,0.43,
8300,3.75,0.00,2.00,
8301,9.25,0.00,2.00,
8302,22.00,2.00,2.00,
8303,18.50,3.00,1.99,
8304,9.50,0.00,2.00,
8305,18.75,0.00,2.00,
8306,11.00,1.00,2.00,
8307,214.25,822.00,0.36,
8308,302.75,771.00,0.46,
8309,3.00,0.00,2.00,
8310,87.00,13.00,1.97,
8311,7.25,0.00,2.00,
8312,439.50,758.00,0.48,
8313,11.00,0.00,2.00,
8314,232.00,756.00,0.49,
8315,281.25,841.00,0.32,
8316,5.00,0.00,2.00,
8317,325.25,787.00,0.43,
8318,199.25,793.00,0.41,
8319,0.75,0.00,2.00,
8320,247.75,788.00,0.42,
8321,22.25,1.00,2.00,
8322,194.75,831.00,0.34,
8323,24.25,9.00,1.98,
8324,294.00,826.00,0.35,
8325,3.00,0.00,2.00,
8326,242.75,817.00,0.37,
8327,248.75,829.00,0.34,
8328,1.25,0.00,2.00,
8329,358.25,776.00,0.45,
8330,265.75,802.00,0.40,
8331,1.75,0.00,2.00,
8332,251.25,741.00,0.52,
8333,227.25,803.00,0.39,
8334,276.00,741.00,0.52,
8335,4.00,0.00,2.00,
8336,4.25,0.00,2.00,
8337,282.00,769.00,0.46,
8338,289.00,830.00,0.34,
8339,17.25,2.00,2.00,
8340,4.75,0.00,2.00,
8341,8.25,1.00,2.00,
8342,2.50,0.00,2.00,
8343,219.50,812.00,0.38,
8344,27.50,3.00,1.99,
8345,7.25,1.00,2.00,
8346,14.25,3.00,1.99,
8347,385.00,758.00,0.48,
8348,0.75,0.00,2.00,
8349,209.75,776.00,0.45,
8350,3.50,0.00,2.00,
8351,13.00,2.00,2.00,
8352,1.25,0.00,2.00,
8353,211.25,821.00,0.36,
8354,9.75,0.00,2.00,
8355,266.75,782.00,0.44,
8356,6.75,0.00,2.00,
8357,208.25,793.00,0.41,
8358,325.25,795.00,0.41,
8359,238.50,802.00,0.40,
8360,240.75,788.00,0.42,
8361,11.25,1.00,2.00,
8362,252.75,744.00,0.51,
8363,266.50,798.00,0.40,
8364,258.75,808.00,0.38,
8365,7.50,0.00,2.00,
8366,1.75,0.00,2.00,
8367,42.50,10.00,1.98,
8368,44.00,5.00,1.99,
8369,261.00,763.00,0.47,
8370,252.75,768.00,0.46,
8371,235.75,822.00,0.36,
8372,285.00,821.00,0.36,
8373,0.25,0.00,2.00,
8374,4.00,0.00,2.00,
8375,312.25,756.00,0.49,
8376,234.50,764.00,0.47,
8377,308.00,825.00,0.35,
8378,20.75,3.00,1.99,
8379,315.50,780.00,0.44,
8380,1.25,0.00,2.00,
8381,2.00,0.00,2.00,
8382,270.00,818.00,0.36,
8383,220.50,850.00,0.30,
8384,233.25,781.00,0.44,
8385,217.00,809.00,0.38,
8386,244.50,770.00,0.46,
8387,16.75,2.00,2.00,
8388,12.25,1.00,2.00,
8389,3.50,0.00,2.00,
8390,210.75,807.00,0.39,
8391,1.00,0.00,2.00,
8392,226.75,756.00,0.49,
8393,222.25,781.00,0.44,
8394,239.00,786.00,0.43,
8395,222.25,824.00,0.35,
8396,173.75,772.00,0.46,
8397,5.25,1.00,2.00,
8398,5.25,2.00,2.00,
8399,248.50,780.00,0.44,
8400,232.50,818.00,0.36,
8401,2.25,0.00,2.00,
8402,228.50,828.00,0.34,
8403,236.50,812.00,0.38,
8404,247.25,820.00,0.36,
8405,222.25,842.00,0.32,
8406,311.50,810.00,0.38,
8407,239.75,836.00,0.33,
8408,232.75,787.00,0.43,
8409,1.25,0.00,2.00,
8410,19.25,1.00,2.00,
8411,14.00,1.00,2.00,
8412,241.00,731.00,0.54,
8413,246.25,819.00,0.36,
8414,250.50,805.00,0.39,
8415,1.00,0.00,2.00,
8416,6.75,0.00,2.00,
8417,8.00,0.00,2.00,
8418,250.00,822.00,0.36,
8419,260.75,757.00,0.49,
8420,0.50,0.00,2.00,
8421,2.25,0.00,2.00,
8422,237.50,779.00,0.44,
8423,0.50,0.00,2.00,
8424,241.00,843.00,0.31,
8425,208.25,726.00,0.55,
8426,9.50,1.00,2.00,
8427,295.25,800.00,0.40,
8428,262.50,778.00,0.44,
8429,221.75,817.00,0.37,
8430,269.25,826.00,0.35,
8431,10.75,0.00,2.00,
8432,264.00,782.00,0.44,
8433,227.75,821.00,0.36,
8434,234.00,803.00,0.39,
8435,243.00,833.00,0.33,
8436,257.00,765.00,0.47,
8437,246.50,781.00,0.44,
8438,289.00,803.00,0.39,
8439,0.25,0.00,2.00,
8440,8.25,1.00,2.00,
8441,239.25,845.00,0.31,
8442,270.75,834.00,0.33,
8443,1.25,0.00,2.00,
8444,196.50,851.00,0.30,
8445,14.25,1.00,2.00,
8446,14.50,2.00,2.00,
8447,289.75,803.00,0.39,
8448,287.00,782.00,0.44,
8449,181.25,768.00,0.46,
8450,11.75,0.00,2.00,
8451,224.50,806.00,0.39,
8452,191.00,861.00,0.28,
8453,8.25,1.00,2.00,
8454,278.25,764.00,0.47,
8455,10.25,2.00,2.00,
8456,1.75,0.00,2.00,
8457,7.50,0.00,2.00,
8458,225.50,774.00,0.45,
8459,1.25,0.00,2.00,
8460,8.75,0.00,2.00,
8461,1.00,0.00,2.00,
8462,300.00,804.00,0.39,
8463,2.00,0.00,2.00,
8464,292.50,761.00,0.48,
8465,6.50,0.00,2.00,
8466,1.25,0.00,2.00,
8467,195.25,759.00,0.48,
8468,227.50,813.00,0.37,
8469,197.00,783.00,0.43,
8470,3.25,0.00,2.00,
8471,6.75,0.00,2.00,
8472,252.75,778.00,0.44,
8473,250.00,795.00,0.41,
8474,4.00,0.00,2.00,
8475,257.25,839.00,0.32,
8476,279.50,802.00,0.40,
8477,22.00,2.00,2.00,
8478,230.25,762.00,0.48,
8479,3.25,0.00,2.00,
8480,6.00,0.00,2.00,
8481,242.75,827.00,0.35,
8482,9.50,0.00,2.00,
8483,7.75,1.00,2.00,
8484,8.00,0.00,2.00,
8485,4.75,0.00,2.00,
8486,2.00,0.00,2.00,
8487,2.00,0.00,2.00,
8488,232.50,840.00,0.32,
8489,1.75,0.00,2.00,
8490,1.75,0.00,2.00,
8491,0.25,0.00,2.00,
8492,18.25,2.00,2.00,
8493,22.25,1.00,2.00,
8494,26.75,0.00,2.00,
8495,299.50,817.00,0.37,
8496,5.50,0.00,2.00,
8497,283.50,836.00,0.33,
8498,227.75,772.00,0.46,
8499,12.75,1.00,2.00,
8500,12.00,0.00,2.00,
8501,406.00,808.00,0.38,
8502,293.75,778.00,0.44,
8503,29.75,5.00,1.99,
8504,303.25,778.00,0.44,
8505,2.25,0.00,2.00,
8506,201.25,785.00,0.43,
8507,34.75,7.00,1.99,
8508,250.00,815.00,0.37,
8509,304.75,828.00,0.34,
8510,8.75,1.00,2.00,
8511,233.25,781.00,0.44,
8512,0.75,0.00,2.00,
8513,1.00,0.00,2.00,
8514,2.50,0.00,2.00,
8515,274.25,771.00,0.46,
8516,228.50,797.00,0.41,
8517,205.25,783.00,0.43,
8518,347.00,800.00,0.40,
8519,278.00,789.00,0.42,
8520,221.00,782.00,0.44,
8521,0.75,0.00,2.00,
8522,264.00,830.00,0.34,
8523,11.75,0.00,2.00,
8524,3.00,0.00,2.00,
8525,258.00,823.00,0.35,
8526,184.75,810.00,0.38,
8527,228.25,811.00,0.38,
8528,244.25,806.00,0.39,
8529,194.00,772.00,0.46,
8530,11.00,2.00,2.00,
8531,235.75,799.00,0.40,
8532,1.00,0.00,2.00,
8533,303.00,765.00,0.47,
8534,219.75,822.00,0.36,
8535,33.50,0.00,2.00,
8536,1.25,0.00,2.00,
8537,243.00,779.00,0.44,
8538,221.50,810.00,0.38,
8539,239.75,831.00,0.34,
8540,234.25,819.00,0.36,
8541,220.00,825.00,0.35,
8542,274.75,824.00,0.35,
8543,24.50,3.00,1.99,
8544,13.00,1.00,2.00,
8545,222.50,740.00,0.52,
8546,291.75,765.00,0.47,
8547,3.50,0.00,2.00,
8548,12.00,1.00,2.00,
8549,12.00,1.00,2.00,
8550,10.25,0.00,2.00,
8551,8.50,0.00,2.00,
8552,206.75,816.00,0.37,
8553,5.50,1.00,2.00,
8554,15.50,1.00,2.00,
8555,11.75,0.00,2.00,
8556,6.75,1.00,2.00,
8557,0.50,0.00,2.00,
8558,6.75,0.00,2.00,
8559,235.00,788.00,0.42,
8560,42.50,9.00,1.98,
8561,223.25,783.00,0.43,
8562,4.00,0.00,2.00,
8563,264.50,800.00,0.40,
8564,258.50,813.00,0.37,
8565,11.75,0.00,2.00,
8566,0.75,0.00,2.00,
8567,173.75,822.00,0.36,
8568,1.50,0.00,2.00,
8569,0.25,0.00,2.00,
8570,214.50,797.00,0.41,
8571,266.75,809.00,0.38,
8572,247.25,842.00,0.32,
8573,0.50,0.00,2.00,
8574,0.25,0.00,2.00,
8575,3.50,0.00,2.00,
8576,5.25,0.00,2.00,
8577,53.75,5.00,1.99,
8578,13.75,1.00,2.00,
8579,262.00,815.00,0.37,
8580,201.00,790.00,0.42,
8581,23.25,3.00,1.99,
8582,244.00,783.00,0.43,
8583,221.00,747.00,0.51,
8584,229.25,778.00,0.44,
8585,227.00,807.00,0.39,
8586,0.50,0.00,2.00,
8587,18.00,0.00,2.00,
8588,272.00,764.00,0.47,
8589,279.75,790.00,0.42,
8590,283.25,799.00,0.40,
8591,231.25,820.00,0.36,
8592,274.75,759.00,0.48,
8593,232.75,809.00,0.38,
8594,206.25,811.00,0.38,
8595,40.75,5.00,1.99,
8596,213.00,824.00,0.35,
8597,9.25,0.00,2.00,
8598,277.50,803.00,0.39,
8599,266.50,794.00,0.41,
8600,342.50,846.00,0.31,
8601,283.25,773.00,0.45,
8602,271.00,840.00,0.32,
8603,13.00,2.00,2.00,
8604,230.75,797.00,0.41,
8605,13.00,2.00,2.00,
8606,0.75,0.00,2.00,
8607,2.75,1.00,2.00,
8608,0.25,0.00,2.00,
8609,280.00,761.00,0.48,
8610,10.25,0.00,2.00,
8611,4.75,0.00,2.00,
8612,10.50,0.00,2.00,
8613,314.50,787.00,0.43,
8614,39.00,7.00,1.99,
8615,1.00,0.00,2.00,
8616,213.25,809.00,0.38,
8617,229.25,770.00,0.46,
8618,233.75,846.00,0.31,
8619,5.50,1.00,2.00,
8620,261.75,797.00,0.41,
8621,265.25,848.00,0.30,
8622,297.25,798.00,0.40,
8623,3.75,0.00,2.00,
8624,7.00,1.00,2.00,
8625,2.50,0.00,2.00,
8626,11.75,1.00,2.00,
8627,1.00,0.00,2.00,
8628,0.50,0.00,2.00,
8629,10.50,0.00,2.00,
8630,209.25,794.00,0.41,
8631,221.50,771.00,0.46,
8632,193.00,818.00,0.36,
8633,265.00,831.00,0.34,
8634,3.25,1.00,2.00,
8635,10.25,2.00,2.00,
8636,238.00,753.00,0.49,
8637,5.25,0.00,2.00,
8638,2.00,1.00,2.00,
8639,270.25,785.00,0.43,
8640,10.75,0.00,2.00,
8641,228.00,770.00,0.46,
8642,266.00,786.00,0.43,
8643,0.50,0.00,2.00,
8644,234.75,732.00,0.54,
8645,0.75,0.00,2.00,
8646,2.75,0.00,2.00,
8647,257.50,799.00,0.40,
8648,195.50,779.00,0.44,
8649,2.00,0.00,2.00,
8650,33.25,6.00,1.99,
8651,9.75,0.00,2.00,
8652,2.00,0.00,2.00,
8653,13.00,0.00,2.00,
8654,1.50,0.00,2.00,
8655,333.00,737.00,0.53,
8656,238.25,751.00,0.50,
8657,292.00,843.00,0.31,
8658,309.00,780.00,0.44,
8659,198.00,872.00,0.26,
8660,0.25,0.00,2.00,
8661,369.00,815.00,0.37,
8662,1.75,0.00,2.00,
8663,14.50,0.00,2.00,
8664,6.00,0.00,2.00,
8665,335.25,789.00,0.42,
8666,221.00,800.00,0.40,
8667,277.25,787.00,0.43,
8668,206.00,786.00,0.43,
8669,301.25,753.00,0.49,
8670,3.25,0.00,2.00,
8671,245.00,776.00,0.45,
8672,255.25,805.00,0.39,
8673,2.75,0.00,2.00,
8674,257.25,827.00,0.35,
8675,8.25,0.00,2.00,
8676,7.75,1.00,2.00,
8677,2.00,0.00,2.00,
8678,259.75,815.00,0.37,
8679,240.00,723.00,0.55,
8680,273.00,786.00,0.43,
8681,7.75,1.00,2.00,
8682,232.50,773.00,0.45,
8683,198.50,771.00,0.46,
8684,221.25,748.00,0.50,
8685,213.00,814.00,0.37,
8686,12.00,0.00,2.00,
8687,244.00,793.00,0.41,
8688,18.50,0.00,2.00,
8689,241.50,809.00,0.38,
8690,5.50,1.00,2.00,
8691,232.25,805.00,0.39,
8692,270.25,826.00,0.35,
8693,13.50,0.00,2.00,
8694,263.50,803.00,0.39,
8695,342.75,783.00,0.43,
8696,22.75,2.00,2.00,
8697,0.50,0.00,2.00,
8698,203.25,829.00,0.34,
8699,205.25,799.00,0.40,
8700,261.50,749.00,0.50,
8701,287.00,840.00,0.32,
8702,52.25,8.00,1.98,
8703,252.25,761.00,0.48,
8704,272.75,795.00,0.41,
8705,294.25,795.00,0.41,
8706,280.75,753.00,0.49,
8707,4.50,0.00,2.00,
8708,211.25,831.00,0.34,
8709,12.75,0.00,2.00,
8710,255.75,795.00,0.41,
8711,8.00,0.00,2.00,
8712,228.50,784.00,0.43,
8713,217.75,753.00,0.49,
8714,329.25,759.00,0.48,
8715,245.25,760.00,0.48,
8716,282.50,767.00,0.47,
8717,19.25,2.00,2.00,
8718,198.75,798.00,0.40,
8719,272.50,797.00,0.41,
8720,221.75,815.00,0.37,
8721,9.25,0.00,2.00,
8722,332.00,745.00,0.51,
8723,267.00,770.00,0.46,
8724,0.50,0.00,2.00,
8725,261.00,809.00,0.38,
8726,284.75,781.00,0.44,
8727,215.75,851.00,0.30,
8728,278.75,743.00,0.51,
8729,232.75,791.00,0.42,
8730,209.50,812.00,0.38,
8731,19.75,2.00,2.00,
8732,270.25,786.00,0.43,
8733,222.50,788.00,0.42,
8734,7.00,0.00,2.00,
8735,256.00,792.00,0.42,
8736,58.50,17.00,1.97,
8737,190.25,824.00,0.35,
8738,222.25,755.00,0.49,
8739,239.75,822.00,0.36,
8740,296.00,771.00,0.46,
8741,14.25,1.00,2.00,
8742,6.00,0.00,2.00,
8743,264.75,750.00,0.50,
8744,11.25,2.00,2.00,
8745,264.25,824.00,0.35,
8746,31.00,5.00,1.99,
8747,250.00,853.00,0.29,
8748,242.00,802.00,0.40,
8749,241.75,828.00,0.34,
8750,246.00,805.00,0.39,
8751,2.25,0.00,2.00,
8752,0.25,0.00,2.00,
8753,240.50,760.00,0.48,
8754,233.00,827.00,0.35,
8755,18.00,3.00,1.99,
8756,171.75,814.00,0.37,
8757,270.75,801.00,0.40,
8758,21.25,2.00,2.00,
8759,6.50,0.00,2.00,
8760,300.25,709.00,0.58,
8761,0.25,0.00,2.00,
8762,221.50,845.00,0.31,
8763,244.75,854.00,0.29,
8764,3.25,1.00,2.00,
8765,277.50,780.00,0.44,
8766,231.50,806.00,0.39,
8767,5.75,0.00,2.00,
8768,7.50,0.00,2.00,
8769,32.50,3.00,1.99,
8770,254.50,775.00,0.45,
8771,0.25,0.00,2.00,
8772,10.50,0.00,2.00,
8773,224.75,796.00,0.41,
8774,1.75,0.00,2.00,
8775,31.00,9.00,1.98,
8776,299.25,810.00,0.38,
8777,212.25,799.00,0.40,
8778,19.75,0.00,2.00,
8779,2.00,0.00,2.00,
8780,321.75,858.00,0.28,
8781,28.75,4.00,1.99,
8782,5.75,1.00,2.00,
8783,0.50,0.00,2.00,
8784,267.00,784.00,0.43,
8785,12.25,1.00,2.00,
8786,310.50,747.00,0.51,
8787,245.25,816.00,0.37,
8788,13.75,1.00,2.00,
8789,6.75,0.00,2.00,
8790,221.25,794.00,0.41,
8791,83.25,16.00,1.97,
8792,12.25,0.00,2.00,
8793,266.00,781.00,0.44,
8794,226.00,821.00,0.36,
8795,11.25,0.00,2.00,
8796,0.25,0.00,2.00,
8797,247.00,777.00,0.45,
8798,204.25,820.00,0.36,
8799,6.25,0.00,2.00,
8800,20.50,0.00,2.00,
8801,252.25,785.00,0.43,
8802,7.50,1.00,2.00,
8803,219.50,830.00,0.34,
8804,22.50,2.00,2.00,
8805,238.00,771.00,0.46,
8806,23.50,1.00,2.00,
8807,213.25,812.00,0.38,
8808,17.50,1.00,2.00,
8809,1.75,0.00,2.00,
8810,0.25,0.00,2.00,
8811,1.75,0.00,2.00,
8812,10.25,0.00,2.00,
8813,252.25,819.00,0.36,
8814,188.50,821.00,0.36,
8815,2.00,1.00,2.00,
8816,0.50,0.00,2.00,
8817,271.00,760.00,0.48,
8818,9.50,0.00,2.00,
8819,5.00,0.00,2.00,
8820,245.75,805.00,0.39,
8821,4.50,0.00,2.00,
8822,253.75,805.00,0.39,
8823,264.75,836.00,0.33,
8824,4.00,0.00,2.00,
8825,213.25,817.00,0.37,
8826,12.75,1.00,2.00,
8827,20.50,3.00,1.99,
8828,227.75,810.00,0.38,
8829,234.00,804.00,0.39,
8830,14.25,1.00,2.00,
8831,199.25,809.00,0.38,
8832,4.25,0.00,2.00,
8833,1.25,0.00,2.00,
8834,0.50,0.00,2.00,
8835,240.00,758.00,0.48,
8836,299.00,766.00,0.47,
8837,220.50,751.00,0.50,
8838,212.25,784.00,0.43,
8839,215.00,811.00,0.38,
8840,249.00,827.00,0.35,
8841,236.75,788.00,0.42,
8842,216.00,806.00,0.39,
8843,268.25,804.00,0.39,
8844,272.00,783.00,0.43,
8845,306.75,729.00,0.54,
8846,262.50,818.00,0.36,
8847,5.00,0.00,2.00,
8848,238.25,796.00,0.41,
8849,286.75,846.00,0.31,
8850,284.25,797.00,0.41,
8851,0.25,0.00,2.00,
8852,294.75,765.00,0.47,
8853,2.00,0.00,2.00,
8854,1.75,0.00,2.00,
8855,8.00,0.00,2.00,
8856,216.50,808.00,0.38,
8857,210.25,788.00,0.42,
8858,6.50,0.00,2.00,
8859,2.25,0.00,2.00,
8860,294.50,816.00,0.37,
8861,248.75,791.00,0.42,
8862,259.00,823.00,0.35,
8863,22.25,4.00,1.99,
8864,1.75,0.00,2.00,
8865,237.75,744.00,0.51,
8866,313.75,812.00,0.38,
8867,232.25,821.00,0.36,
8868,232.50,816.00,0.37,
8869,253.00,826.00,0.35,
8870,253.25,839.00,0.32,
8871,208.75,816.00,0.37,
8872,278.00,827.00,0.35,
8873,9.25,1.00,2.00,
8874,240.75,787.00,0.43,
8875,293.25,746.00,0.51,
8876,7.50,1.00,2.00,
8877,282.75,774.00,0.45,
8878,39.50,5.00,1.99,
8879,2.00,0.00,2.00,
8880,214.00,830.00,0.34,
8881,249.50,848.00,0.30,
8882,7.50,0.00,2.00,
8883,234.50,837.00,0.33,
8884,14.00,1.00,2.00,
8885,270.25,806.00,0.39,
8886,227.75,782.00,0.44,
8887,264.00,770.00,0.46,
8888,291.25,779.00,0.44,
8889,232.00,811.00,0.38,
8890,328.25,800.00,0.40,
8891,307.50,827.00,0.35,
8892,251.50,795.00,0.41,
8893,40.50,13.00,1.97,
8894,248.75,825.00,0.35,
8895,208.00,744.00,0.51,
8896,278.25,796.00,0.41,
8897,7.75,1.00,2.00,
8898,223.25,822.00,0.36,
8899,20.25,2.00,2.00,
8900,243.50,784.00,0.43,
8901,9.25,0.00,2.00,
8902,253.00,803.00,0.39,
8903,267.50,822.00,0.36,
8904,5.25,1.00,2.00,
8905,306.00,786.00,0.43,
8906,226.75,829.00,0.34,
8907,1.50,0.00,2.00,
8908,239.75,809.00,0.38,
8909,1.00,0.00,2.00,
8910,298.50,790.00,0.42,
8911,2.50,0.00,2.00,
8912,270.50,827.00,0.35,
8913,351.75,776.00,0.45,
8914,3.00,0.00,2.00,
8915,9.25,0.00,2.00,
8916,33.50,5.00,1.99,
8917,1.75,0.00,2.00,
8918,5.75,0.00,2.00,
8919,2.00,0.00,2.00,
8920,16.50,3.00,1.99,
8921,217.00,803.00,0.39,
8922,225.75,769.00,0.46,
8923,276.25,801.00,0.40,
8924,210.25,769.00,0.46,
8925,5.75,0.00,2.00,
8926,2.50,0.00,2.00,
8927,21.50,3.00,1.99,
8928,9.75,2.00,2.00,
8929,219.50,829.00,0.34,
8930,258.00,769.00,0.46,
8931,7.00,0.00,2.00,
8932,244.25,805.00,0.39,
8933,218.50,746.00,0.51,
8934,251.25,787.00,0.43,
8935,10.50,0.00,2.00,
8936,205.00,762.00,0.48,
8937,195.50,830.00,0.34,
8938,274.25,791.00,0.42,
8939,31.50,2.00,2.00,
8940,4.50,0.00,2.00,
8941,229.00,827.00,0.35,
8942,295.50,786.00,0.43,
8943,1.25,0.00,2.00,
8944,247.00,777.00,0.45,
8945,218.00,823.00,0.35,
8946,11.75,1.00,2.00,
8947,336.25,789.00,0.42,
8948,9.00,0.00,2.00,
8949,5.50,0.00,2.00,
8950,1.00,0.00,2.00,
8951,265.25,783.00,0.43,
8952,321.50,811.00,0.38,
8953,8.75,0.00,2.00,
8954,241.50,768.00,0.46,
8955,354.00,734.00,0.53,
8956,217.75,808.00,0.38,
8957,238.25,780.00,0.44,
8958,11.25,1.00,2.00,
8959,276.25,779.00,0.44,
8960,251.00,792.00,0.42,
8961,230.25,807.00,0.39,
8962,8.50,0.00,2.00,
8963,221.50,818.00,0.36,
8964,3.25,1.00,2.00,
8965,3.75,0.00,2.00,
8966,8.75,0.00,2.00,
8967,2.75,0.00,2.00,
8968,265.50,780.00,0.44,
8969,181.50,817.00,0.37,
8970,5.75,0.00,2.00,
8971,211.75,815.00,0.37,
8972,7.50,0.00,2.00,
8973,227.50,773.00,0.45,
8974,240.75,812.00,0.38,
8975,55.25,8.00,1.98,
8976,6.75,0.00,2.00,
8977,5.00,0.00,2.00,
8978,8.00,0.00,2.00,
8979,42.00,10.00,1.98,
8980,10.75,0.00,2.00,
8981,356.00,802.00,0.40,
8982,30.00,8.00,1.98,
8983,252.25,804.00,0.39,
8984,10.00,0.00,2.00,
8985,2.25,0.00,2.00,
8986,273.75,771.00,0.46,
8987,36.25,3.00,1.99,
8988,241.75,773.00,0.45,
8989,2.00,0.00,2.00,
8990,276.75,779.00,0.44,
8991,255.75,820.00,0.36,
8992,218.00,797.00,0.41,
8993,196.00,819.00,0.36,
8994,6.00,0.00,2.00,
8995,22.00,4.00,1.99,
8996,0.25,0.00,2.00,
8997,22.50,0.00,2.00,
8998,285.75,831.00,0.34,
8999,1.75,0.00,2.00,
9000,19.25,2.00,2.00,
9001,7.00,0.00,2.00,
9002,0.50,0.00,2.00,
9003,2.00,0.00,2.00,
9004,38.50,1.00,2.00,
9005,14.00,1.00,2.00,
9006,207.25,825.00,0.35,
9007,253.00,816.00,0.37,
9008,328.75,759.00,0.48,
9009,10.75,0.00,2.00,
9010,227.25,815.00,0.37,
9011,255.75,797.00,0.41,
9012,1.50,1.00,2.00,
9013,37.75,4.00,1.99,
9014,372.50,790.00,0.42,
9015,1.75,0.00,2.00,
9016,37.50,0.00,2.00,
9017,215.00,822.00,0.36,
9018,7.50,0.00,2.00,
9019,9.25,0.00,2.00,
9020,0.50,0.00,2.00,
9021,245.75,830.00,0.34,
9022,14.75,1.00,2.00,
9023,8.50,0.00,2.00,
9024,214.00,794.00,0.41,
9025,21.75,3.00,1.99,
9026,3.75,0.00,2.00,
9027,68.75,22.00,1.96,
9028,258.25,773.00,0.45,
9029,5.25,0.00,2.00,
9030,208.50,830.00,0.34,
9031,361.25,791.00,0.42,
9032,2.50,0.00,2.00,
9033,6.75,1.00,2.00,
9034,254.75,790.00,0.42,
9035,2.00,0.00,2.00,
9036,259.75,775.00,0.45,
9037,238.50,797.00,0.41,
9038,261.75,817.00,0.37,
9039,14.75,5.00,1.99,
9040,219.00,788.00,0.42,
9041,249.50,786.00,0.43,
9042,3.00,0.00,2.00,
9043,349.25,771.00,0.46,
9044,267.25,841.00,0.32,
9045,9.50,0.00,2.00,
9046,4.25,0.00,2.00,
9047,0.75,0.00,2.00,
9048,4.50,0.00,2.00,
9049,292.75,794.00,0.41,
9050,210.75,770.00,0.46,
9051,4.00,0.00,2.00,
9052,4.00,0.00,2.00,
9053,246.75,786.00,0.43,
9054,224.50,817.00,0.37,
9055,267.75,776.00,0.45,
9056,3.75,0.00,2.00,
9057,192.00,784.00,0.43,
9058,241.00,828.00,0.34,
9059,4.50,0.00,2.00,
9060,241.25,789.00,0.42,
9061,246.75,803.00,0.39,
9062,227.25,826.00,0.35,
9063,307.25,784.00,0.43,
9064,16.25,0.00,2.00,
9065,338.25,722.00,0.56,
9066,32.50,8.00,1.98,
9067,263.25,735.00,0.53,
9068,1.25,0.00,2.00,
9069,379.75,817.00,0.37,
9070,269.25,802.00,0.40,
9071,16.00,0.00,2.00,
9072,24.25,1.00,2.00,
9073,245.75,810.00,0.38,
9074,295.25,798.00,0.40,
9075,238.25,812.00,0.38,
9076,197.50,775.00,0.45,
9077,252.75,807.00,0.39,
9078,253.00,747.00,0.51,
9079,221.00,808.00,0.38,
9080,306.75,821.00,0.36,
9081,16.50,0.00,2.00,
9082,9.75,0.00,2.00,
9083,314.50,838.00,0.32,
9084,301.50,779.00,0.44,
9085,215.25,821.00,0.36,
9086,14.75,3.00,1.99,
9087,192.75,810.00,0.38,
9088,0.75,0.00,2.00,
9089,3.50,0.00,2.00,
9090,337.75,766.00,0.47,
9091,224.00,775.00,0.45,
9092,11.75,0.00,2.00,
9093,62.75,4.00,1.99,
9094,250.75,787.00,0.43,
9095,31.25,7.00,1.99,
9096,1.00,0.00,2.00,
9097,11.75,0.00,2.00,
9098,13.75,1.00,2.00,
9099,283.00,789.00,0.42,
9100,4.00,0.00,2.00,
9101,295.00,800.00,0.40,
9102,8.25,0.00,2.00,
9103,232.50,785.00,0.43,
9104,275.50,798.00,0.40,
9105,226.75,807.00,0.39,
9106,209.75,792.00,0.42,
9107,5.00,0.00,2.00,
9108,262.75,832.00,0.34,
9109,8.25,0.00,2.00,
9110,24.00,2.00,2.00,
9111,0.50,0.00,2.00,
9112,244.50,795.00,0.41,
9113,17.50,3.00,1.99,
9114,275.75,803.00,0.39,
9115,250.25,730.00,0.54,
9116,233.75,809.00,0.38,
9117,271.25,846.00,0.31,
9118,3.00,1.00,2.00,
9119,289.50,811.00,0.38,
9120,243.25,799.00,0.40,
9121,5.25,0.00,2.00,
9122,15.00,0.00,2.00,
9123,4.25,0.00,2.00,
9124,215.50,847.00,0.31,
9125,239.25,760.00,0.48,
9126,7.25,1.00,2.00,
9127,236.50,840.00,0.32,
9128,241.50,777.00,0.45,
9129,187.00,780.00,0.44,
9130,303.50,833.00,0.33,
9131,36.50,8.00,1.98,
9132,260.00,786.00,0.43,
9133,3.50,0.00,2.00,
9134,269.00,792.00,0.42,
9135,4.25,0.00,2.00,
9136,260.75,814.00,0.37,
9137,25.50,2.00,2.00,
9138,287.00,784.00,0.43,
9139,220.50,822.00,0.36,
9140,349.00,833.00,0.33,
9141,231.75,797.00,0.41,
9142,1.50,0.00,2.00,
9143,16.50,2.00,2.00,
9144,0.50,0.00,2.00,
9145,8.75,0.00,2.00,
9146,330.00,811.00,0.38,
9147,202.75,757.00,0.49,
9148,0.50,0.00,2.00,
9149,312.25,804.00,0.39,
9150,11.00,1.00,2.00,
9151,236.75,801.00,0.40,
9152,282.25,823.00,0.35,
9153,2.25,0.00,2.00,
9154,3.25,0.00,2.00,
9155,291.00,820.00,0.36,
9156,19.75,1.00,2.00,
9157,0.50,0.00,2.00,
9158,278.00,788.00,0.42,
9159,17.50,2.00,2.00,
9160,24.50,4.00,1.99,
9161,222.00,797.00,0.41,
9162,230.50,760.00,0.48,
9163,5.25,0.00,2.00,
9164,228.50,776.00,0.45,
9165,1.00,0.00,2.00,
9166,0.50,0.00,2.00,
9167,32.50,1.00,2.00,
9168,206.75,833.00,0.33,
9169,24.25,2.00,2.00,
9170,278.00,787.00,0.43,
9171,229.00,833.00,0.33,
9172,6.25,2.00,2.00,
9173,305.00,811.00,0.38,
9174,13.00,0.00,2.00,
9175,271.50,817.00,0.37,
9176,6.75,0.00,2.00,
9177,5.75,0.00,2.00,
9178,219.75,876.00,0.25,
9179,26.50,2.00,2.00,
9180,1.25,0.00,2.00,
9181,1.75,0.00,2.00,
9182,3.25,0.00,2.00,
9183,258.00,766.00,0.47,
9184,0.50,0.00,2.00,
9185,9.50,0.00,2.00,
9186,3.00,0.00,2.00,
9187,2.00,0.00,2.00,
9188,223.25,714.00,0.57,
9189,262.25,823.00,0.35,
9190,221.75,801.00,0.40,
9191,9.50,0.00,2.00,
9192,1.75,0.00,2.00,
9193,242.75,824.00,0.35,
9194,244.75,775.00,0.45,
9195,238.75,747.00,0.51,
9196,308.75,801.00,0.40,
9197,252.25,828.00,0.34,
9198,6.25,0.00,2.00,
9199,3.00,0.00,2.00,
9200,59.50,8.00,1.98,
9201,0.50,0.00,2.00,
9202,27.00,12.00,1.98,
9203,9.00,1.00,2.00,
9204,2.75,0.00,2.00,
9205,286.50,721.00,0.56,
9206,201.50,817.00,0.37,
9207,8.00,0.00,2.00,
9208,2.75,0.00,2.00,
9209,253.75,755.00,0.49,
9210,246.25,716.00,0.57,
9211,219.25,827.00,0.35,
9212,203.50,825.00,0.35,
9213,235.50,814.00,0.37,
9214,210.75,742.00,0.52,
9215,15.00,0.00,2.00,
9216,0.75,0.00,2.00,
9217,262.50,762.00,0.48,
9218,247.75,789.00,0.42,
9219,3.75,0.00,2.00,
9220,244.50,809.00,0.38,
9221,47.50,10.00,1.98,
9222,249.25,736.00,0.53,
9223,250.00,751.00,0.50,
9224,9.75,0.00,2.00,
9225,4.75,0.00,2.00,
9226,234.75,780.00,0.44,
9227,289.25,794.00,0.41,
9228,329.25,791.00,0.42,
9229,13.25,2.00,2.00,
9230,6.25,1.00,2.00,
9231,304.25,749.00,0.50,
9232,259.50,830.00,0.34,
9233,4.50,0.00,2.00,
9234,239.00,814.00,0.37,
9235,24.00,1.00,2.00,
9236,5.00,0.00,2.00,
9237,393.50,813.00,0.37,
9238,208.00,752.00,0.50,
9239,226.50,830.00,0.34,
9240,3.00,0.00,2.00,
9241,1.00,0.00,2.00,
9242,6.00,2.00,2.00,
9243,19.25,2.00,2.00,
9244,177.00,786.00,0.43,
9245,229.75,776.00,0.45,
9246,248.25,834.00,0.33,
9247,2.00,0.00,2.00,
9248,243.75,765.00,0.47,
9249,3.25,0.00,2.00,
9250,264.50,806.00,0.39,
9251,206.25,787.00,0.43,
9252,244.25,803.00,0.39,
9253,16.75,3.00,1.99,
9254,222.50,734.00,0.53,
9255,13.25,3.00,1.99,
9256,7.75,0.00,2.00,
9257,0.25,0.00,2.00,
9258,72.50,8.00,1.98,
9259,264.25,808.00,0.38,
9260,237.75,836.00,0.33,
9261,24.50,1.00,2.00,
9262,31.25,8.00,1.98,
9263,49.25,3.00,1.99,
9264,260.25,837.00,0.33,
9265,4.50,0.00,2.00,
9266,2.75,0.00,2.00,
9267,276.75,783.00,0.43,
9268,249.75,797.00,0.41,
9269,7.50,0.00,2.00,
9270,1.50,0.00,2.00,
9271,20.75,1.00,2.00,
9272,235.75,790.00,0.42,
9273,0.75,0.00,2.00,
9274,0.50,0.00,2.00,
9275,1.50,0.00,2.00,
9276,291.50,815.00,0.37,
9277,246.00,733.00,0.53,
9278,3.50,0.00,2.00,
9279,8.25,0.00,2.00,
9280,3.25,0.00,2.00,
9281,403.75,760.00,0.48,
9282,221.00,769.00,0.46,
9283,0.25,0.00,2.00,
9284,269.50,794.00,0.41,
9285,4.25,0.00,2.00,
9286,3.75,0.00,2.00,
9287,4.75,0.00,2.00,
9288,288.75,839.00,0.32,
9289,16.75,2.00,2.00,
9290,16.75,1.00,2.00,
9291,18.50,0.00,2.00,
9292,259.25,794.00,0.41,
9293,6.25,1.00,2.00,
9294,8.75,3.00,1.99,
9295,222.00,794.00,0.41,
9296,269.00,778.00,0.44,
9297,1.75,0.00,2.00,
9298,244.75,796.00,0.41,
9299,242.50,758.00,0.48,
9300,245.75,834.00,0.33,
9301,250.25,812.00,0.38,
9302,225.75,765.00,0.47,
9303,3.00,0.00,2.00,
9304,7.50,0.00,2.00,
9305,307.75,809.00,0.38,
9306,245.00,803.00,0.39,
9307,3.00,0.00,2.00,
9308,240.50,795.00,0.41,
9309,20.50,1.00,2.00,
9310,218.50,746.00,0.51,
9311,199.50,774.00,0.45,
9312,7.50,0.00,2.00,
9313,5.00,0.00,2.00,
9314,217.00,786.00,0.43,
9315,7.25,2.00,2.00,
9316,256.50,810.00,0.38,
9317,0.25,0.00,2.00,
9318,6.00,2.00,2.00,
9319,10.00,0.00,2.00,
9320,247.75,826.00,0.35,
9321,246.00,796.00,0.41,
9322,5.00,1.00,2.00,
9323,13.75,2.00,2.00,
9324,325.75,840.00,0.32,
9325,230.50,800.00,0.40,
9326,269.50,834.00,0.33,
9327,270.75,734.00,0.53,
9328,22.75,4.00,1.99,
9329,13.00,3.00,1.99,
9330,353.25,841.00,0.32,
9331,227.50,812.00,0.38,
9332,0.75,0.00,2.00,
9333,271.00,798.00,0.40,
9334,26.50,2.00,2.00,
9335,89.25,14.00,1.97,
9336,8.75,1.00,2.00,
9337,10.00,0.00,2.00,
9338,26.00,2.00,2.00,
9339,7.75,1.00,2.00,
9340,6.00,0.00,2.00,
9341,13.75,1.00,2.00,
9342,296.50,776.00,0.45,
9343,202.25,795.00,0.41,
9344,1.25,0.00,2.00,
9345,39.00,3.00,1.99,
9346,261.50,781.00,0.44,
9347,240.75,786.00,0.43,
9348,256.75,778.00,0.44,
9349,291.50,859.00,0.28,
9350,301.75,835.00,0.33,
9351,244.25,843.00,0.31,
9352,250.25,786.00,0.43,
9353,2.75,0.00,2.00,
9354,2.25,0.00,2.00,
9355,3.75,0.00,2.00,
9356,31.00,2.00,2.00,
9357,301.50,790.00,0.42,
9358,229.50,804.00,0.39,
9359,0.50,0.00,2.00,
9360,264.25,817.00,0.37,
9361,2.25,0.00,2.00,
9362,3.00,0.00,2.00,
9363,1.00,0.00,2.00,
9364,287.25,786.00,0.43,
9365,273.50,832.00,0.34,
9366,238.00,803.00,0.39,
9367,291.50,816.00,0.37,
9368,215.75,719.00,0.56,
9369,232.00,763.00,0.47,
9370,204.00,780.00,0.44,
9371,13.50,0.00,2.00,
9372,2.25,0.00,2.00,
9373,4.75,0.00,2.00,
9374,288.25,813.00,0.37,
9375,0.75,0.00,2.00,
9376,241.25,787.00,0.43,
9377,257.75,789.00,0.42,
9378,0.75,0.00,2.00,
9379,2.75,0.00,2.00,
9380,203.75,789.00,0.42,
9381,1.50,0.00,2.00,
9382,274.00,856.00,0.29,
9383,0.50,0.00,2.00,
9384,157.50,815.00,0.37,
9385,249.25,775.00,0.45,
9386,221.50,830.00,0.34,
9387,272.00,813.00,0.37,
9388,3.75,0.00,2.00,
9389,265.50,803.00,0.39,
9390,3.75,0.00,2.00,
9391,22.00,7.00,1.99,
9392,59.75,17.00,1.97,
9393,2.75,0.00,2.00,
9394,9.75,1.00,2.00,
9395,257.50,773.00,0.45,
9396,270.00,795.00,0.41,
9397,274.50,792.00,0.42,
9398,7.50,2.00,2.00,
9399,16.25,0.00,2.00,
9400,1.25,0.00,2.00,
9401,194.75,769.00,0.46,
9402,8.75,1.00,2.00,
9403,277.00,808.00,0.38,
9404,1.25,0.00,2.00,
9405,2.00,0.00,2.00,
9406,2.50,0.00,2.00,
9407,5.75,0.00,2.00,
9408,242.25,832.00,0.34,
9409,0.75,0.00,2.00,
9410,2.25,0.00,2.00,
9411,8.75,1.00,2.00,
9412,284.75,820.00,0.36,
9413,271.50,836.00,0.33,
9414,1.75,0.00,2.00,
9415,192.75,720.00,0.56,
9416,253.00,765.00,0.47,
9417,1.25,0.00,2.00,
9418,13.75,0.00,2.00,
9419,248.25,802.00,0.40,
9420,10.00,0.00,2.00,
9421,236.75,815.00,0.37,
9422,17.75,5.00,1.99,
9423,247.50,776.00,0.45,
9424,13.50,1.00,2.00,
9425,12.25,2.00,2.00,
9426,5.00,0.00,2.00,
9427,244.00,783.00,0.43,
9428,52.00,1.00,2.00,
9429,232.00,792.00,0.42,
9430,5.50,0.00,2.00,
9431,4.75,0.00,2.00,
9432,256.75,813.00,0.37,
9433,276.25,781.00,0.44,
9434,16.75,2.00,2.00,
9435,248.00,779.00,0.44,
9436,267.75,751.00,0.50,
9437,216.75,795.00,0.41,
9438,322.75,808.00,0.38,
9439,266.00,816.00,0.37,
9440,2.75,0.00,2.00,
9441,11.25,1.00,2.00,
9442,14.50,0.00,2.00,
9443,330.00,766.00,0.47,
9444,12.50,2.00,2.00,
9445,216.00,769.00,0.46,
9446,9.50,1.00,2.00,
9447,291.25,802.00,0.40,
9448,7.00,0.00,2.00,
9449,245.50,784.00,0.43,
9450,17.50,4.00,1.99,
9451,5.50,0.00,2.00,
9452,311.50,781.00,0.44,
9453,227.75,837.00,0.33,
9454,259.00,829.00,0.34,
9455,233.75,815.00,0.37,
9456,203.00,741.00,0.52,
9457,30.50,4.00,1.99,
9458,278.50,764.00,0.47,
9459,241.50,804.00,0.39,
9460,299.00,782.00,0.44,
9461,277.25,799.00,0.40,
9462,264.50,822.00,0.36,
9463,221.50,801.00,0.40,
9464,229.25,762.00,0.48,
9465,335.25,826.00,0.35,
9466,7.75,0.00,2.00,
9467,1.00,0.00,2.00,
9468,9.00,1.00,2.00,
9469,208.00,837.00,0.33,
9470,227.25,660.00,0.68,
9471,0.25,0.00,2.00,
9472,51.75,10.00,1.98,
9473,1.75,0.00,2.00,
9474,229.75,757.00,0.49,
9475,214.25,799.00,0.40,
9476,2.50,0.00,2.00,
9477,230.50,840.00,0.32,
9478,257.25,774.00,0.45,
9479,8.25,0.00,2.00,
9480,233.25,799.00,0.40,
9481,21.00,2.00,2.00,
9482,6.25,0.00,2.00,
9483,1.50,0.00,2.00,
9484,235.50,694.00,0.61,
9485,5.50,0.00,2.00,
9486,245.50,844.00,0.31,
9487,11.25,0.00,2.00,
9488,15.00,3.00,1.99,
9489,258.00,828.00,0.34,
9490,9.00,0.00,2.00,
9491,0.25,0.00,2.00,
9492,2.25,0.00,2.00,
9493,243.50,771.00,0.46,
9494,0.75,0.00,2.00,
9495,3.75,0.00,2.00,
9496,196.00,772.00,0.46,
9497,292.25,772.00,0.46,
9498,292.25,795.00,0.41,
9499,1.00,0.00,2.00,
9500,7.50,0.00,2.00,
9501,265.75,870.00,0.26,
9502,1.50,0.00,2.00,
9503,10.25,3.00,1.99,
9504,11.25,0.00,2.00,
9505,3.25,0.00,2.00,
9506,0.50,0.00,2.00,
9507,258.00,792.00,0.42,
9508,78.00,26.00,1.95,
9509,0.25,0.00,2.00,
9510,64.75,34.00,1.93,
9511,4.25,0.00,2.00,
9512,253.00,762.00,0.48,
9513,9.25,1.00,2.00,
9514,252.00,785.00,0.43,
9515,296.75,787.00,0.43,
9516,0.75,0.00,2.00,
9517,18.25,2.00,2.00,
9518,12.75,1.00,2.00,
9519,261.75,788.00,0.42,
9520,245.75,831.00,0.34,
9521,198.00,799.00,0.40,
9522,3.75,1.00,2.00,
9523,327.75,827.00,0.35,
9524,288.00,778.00,0.44,
9525,10.00,1.00,2.00,
9526,195.25,793.00,0.41,
9527,1.00,0.00,2.00,
9528,2.75,0.00,2.00,
9529,226.75,797.00,0.41,
9530,7.75,1.00,2.00,
9531,216.75,844.00,0.31,
9532,4.50,0.00,2.00,
9533,300.00,820.00,0.36,
9534,1.25,0.00,2.00,
9535,208.75,815.00,0.37,
9536,294.25,795.00,0.41,
9537,247.75,867.00,0.27,
9538,1.50,0.00,2.00,
9539,319.75,812.00,0.38,
9540,2.75,0.00,2.00,
9541,227.75,826.00,0.35,
9542,259.75,756.00,0.49,
9543,194.75,815.00,0.37,
9544,20.75,5.00,1.99,
9545,304.25,792.00,0.42,
9546,10.00,1.00,2.00,
9547,318.75,831.00,0.34,
9548,218.25,833.00,0.33,
9549,7.75,1.00,2.00,
9550,231.25,772.00,0.46,
9551,249.75,837.00,0.33,
9552,5.75,0.00,2.00,
9553,269.50,795.00,0.41,
9554,347.25,781.00,0.44,
9555,208.00,806.00,0.39,
9556,277.00,796.00,0.41,
9557,274.50,762.00,0.48,
9558,295.75,798.00,0.40,
9559,3.50,2.00,2.00,
9560,205.75,779.00,0.44,
9561,279.25,766.00,0.47,
9562,256.00,825.00,0.35,
9563,236.75,750.00,0.50,
9564,0.25,0.00,2.00,
9565,269.00,787.00,0.43,
9566,280.25,820.00,0.36,
9567,232.00,831.00,0.34,
9568,209.75,822.00,0.36,
9569,282.00,785.00,0.43,
9570,181.75,833.00,0.33,
9571,327.50,765.00,0.47,
9572,17.25,2.00,2.00,
9573,242.50,853.00,0.29,
9574,1.75,0.00,2.00,
9575,8.25,0.00,2.00,
9576,18.50,1.00,2.00,
9577,255.00,826.00,0.35,
9578,234.00,821.00,0.36,
9579,0.50,0.00,2.00,
9580,3.50,0.00,2.00,
9581,186.75,768.00,0.46,
9582,235.75,748.00,0.50,
9583,235.50,786.00,0.43,
9584,266.00,812.00,0.38,
9585,288.25,843.00,0.31,
9586,237.00,807.00,0.39,
9587,15.50,1.00,2.00,
9588,245.00,792.00,0.42,
9589,225.25,762.00,0.48,
9590,34.25,0.00,2.00,
9591,224.50,778.00,0.44,
9592,219.00,857.00,0.29,
9593,21.50,5.00,1.99,
9594,230.25,796.00,0.41,
9595,292.50,804.00,0.39,
9596,224.75,814.00,0.37,
9597,279.25,794.00,0.41,
9598,234.75,771.00,0.46,
9599,3.25,0.00,2.00,
9600,277.00,782.00,0.44,
9601,306.50,781.00,0.44,
9602,249.00,806.00,0.39,
9603,269.50,756.00,0.49,
9604,26.75,4.00,1.99,
9605,283.50,829.00,0.34,
9606,282.50,805.00,0.39,
9607,9.25,1.00,2.00,
9608,24.75,1.00,2.00,
9609,235.75,784.00,0.43,
9610,247.00,793.00,0.41,
9611,7.75,0.00,2.00,
9612,6.50,0.00,2.00,
9613,48.00,8.00,1.98,
9614,194.00,799.00,0.40,
9615,257.00,820.00,0.36,
9616,13.75,0.00,2.00,
9617,229.50,802.00,0.40,
9618,220.25,822.00,0.36,
9619,0.25,0.00,2.00,
9620,280.00,781.00,0.44,
9621,24.00,2.00,2.00,
9622,0.75,0.00,2.00,
9623,19.25,2.00,2.00,
9624,259.50,820.00,0.36,
9625,8.25,1.00,2.00,
9626,169.00,797.00,0.41,
9627,276.25,817.00,0.37,
9628,255.00,809.00,0.38,
9629,264.25,783.00,0.43,
9630,10.75,0.00,2.00,
9631,234.75,809.00,0.38,
9632,7.00,0.00,2.00,
9633,204.50,787.00,0.43,
9634,6.75,0.00,2.00,
9635,309.25,784.00,0.43,
9636,11.75,0.00,2.00,
9637,195.50,767.00,0.47,
9638,249.50,830.00,0.34,
9639,229.00,825.00,0.35,
9640,2.00,0.00,2.00,
9641,228.50,788.00,0.42,
9642,207.25,797.00,0.41,
9643,240.00,832.00,0.34,
9644,0.50,0.00,2.00,
9645,286.75,791.00,0.42,
9646,5.00,0.00,2.00,
9647,19.75,4.00,1.99,
9648,1.25,0.00,2.00,
9649,338.75,752.00,0.50,
9650,23.75,3.00,1.99,
9651,22.25,1.00,2.00,
9652,199.25,827.00,0.35,
9653,3.25,0.00,2.00,
9654,213.75,831.00,0.34,
9655,225.50,809.00,0.38,
9656,238.00,803.00,0.39,
9657,270.75,783.00,0.43,
9658,231.00,795.00,0.41,
9659,1.50,0.00,2.00,
9660,341.50,758.00,0.48,
9661,276.25,778.00,0.44,
9662,345.75,805.00,0.39,
9663,1.00,0.00,2.00,
9664,1.00,0.00,2.00,
9665,13.25,0.00,2.00,
9666,3.75,0.00,2.00,
9667,218.00,781.00,0.44,
9668,275.25,780.00,0.44,
9669,2.25,0.00,2.00,
9670,1.25,0.00,2.00,
9671,263.50,832.00,0.34,
9672,219.75,748.00,0.50,
9673,276.00,774.00,0.45,
9674,9.50,0.00,2.00,
9675,204.75,805.00,0.39,
9676,209.00,859.00,0.28,
9677,217.25,816.00,0.37,
9678,17.00,2.00,2.00,
9679,250.75,750.00,0.50,
9680,10.25,1.00,2.00,
9681,260.25,830.00,0.34,
9682,273.75,811.00,0.38,
9683,281.50,764.00,0.47,
9684,17.25,0.00,2.00,
9685,250.00,768.00,0.46,
9686,184.00,755.00,0.49,
9687,1.00,0.00,2.00,
9688,4.25,0.00,2.00,
9689,4.00,0.00,2.00,
9690,281.50,805.00,0.39,
9691,2.00,0.00,2.00,
9692,22.75,0.00,2.00,
9693,6.50,1.00,2.00,
9694,323.50,800.00,0.40,
9695,242.75,808.00,0.38,
9696,369.50,829.00,0.34,
9697,228.75,797.00,0.41,
9698,217.25,797.00,0.41,
9699,271.25,784.00,0.43,
9700,7.75,0.00,2.00,
9701,243.50,787.00,0.43,
9702,218.75,806.00,0.39,
9703,2.25,0.00,2.00,
9704,5.50,0.00,2.00,
9705,298.25,773.00,0.45,
9706,1.00,0.00,2.00,
9707,289.50,816.00,0.37,
9708,356.75,770.00,0.46,
9709,202.00,833.00,0.33,
9710,263.50,765.00,0.47,
9711,239.50,831.00,0.34,
9712,222.50,813.00,0.37,
9713,268.25,801.00,0.40,
9714,315.50,826.00,0.35,
9715,256.25,788.00,0.42,
9716,280.50,727.00,0.55,
9717,225.25,762.00,0.48,
9718,22.25,2.00,2.00,
9719,242.25,804.00,0.39,
9720,328.75,823.00,0.35,
9721,196.75,849.00,0.30,
9722,237.25,792.00,0.42,
9723,46.25,9.00,1.98,
9724,235.75,774.00,0.45,
9725,0.25,0.00,2.00,
9726,290.00,834.00,0.33,
9727,241.00,797.00,0.41,
9728,5.75,0.00,2.00,
9729,195.00,798.00,0.40,
9730,227.50,802.00,0.40,
9731,10.00,0.00,2.00,
9732,1.50,0.00,2.00,
9733,41.50,4.00,1.99,
9734,283.00,827.00,0.35,
9735,11.75,1.00,2.00,
9736,5.00,0.00,2.00,
9737,192.75,783.00,0.43,
9738,34.25,5.00,1.99,
9739,220.00,774.00,0.45,
9740,234.25,797.00,0.41,
9741,3.25,0.00,2.00,
9742,289.75,824.00,0.35,
9743,377.25,830.00,0.34,
9744,212.50,791.00,0.42,
9745,294.00,788.00,0.42,
9746,240.25,822.00,0.36,
9747,229.75,811.00,0.38,
9748,232.25,821.00,0.36,
9749,4.75,1.00,2.00,
9750,15.00,4.00,1.99,
9751,308.50,810.00,0.38,
9752,3.25,0.00,2.00,
9753,12.75,1.00,2.00,
9754,13.00,1.00,2.00,
9755,13.50,0.00,2.00,
9756,314.50,805.00,0.39,
9757,5.50,0.00,2.00,
9758,256.00,758.00,0.48,
9759,0.50,0.00,2.00,
9760,22.50,2.00,2.00,
9761,255.25,823.00,0.35,
9762,248.50,819.00,0.36,
9763,0.75,0.00,2.00,
9764,0.75,0.00,2.00,
9765,260.00,827.00,0.35,
9766,48.00,4.00,1.99,
9767,16.50,3.00,1.99,
9768,281.00,833.00,0.33,
9769,13.50,0.00,2.00,
9770,8.25,0.00,2.00,
9771,15.50,1.00,2.00,
9772,9.75,0.00,2.00,
9773,234.25,818.00,0.36,
9774,7.50,0.00,2.00,
9775,2.75,0.00,2.00,
9776,276.25,791.00,0.42,
9777,288.50,793.00,0.41,
9778,9.00,0.00,2.00,
9779,6.00,0.00,2.00,
9780,4.50,0.00,2.00,
9781,202.25,761.00,0.48,
9782,19.25,0.00,2.00,
9783,257.00,834.00,0.33,
9784,249.50,791.00,0.42,
9785,2.00,0.00,2.00,
9786,7.00,0.00,2.00,
9787,301.50,788.00,0.42,
9788,208.00,786.00,0.43,
9789,10.25,1.00,2.00,
9790,231.50,794.00,0.41,
9791,5.75,1.00,2.00,
9792,13.50,2.00,2.00,
9793,187.75,801.00,0.40,
9794,275.25,763.00,0.47,
9795,219.25,808.00,0.38,
9796,244.00,781.00,0.44,
9797,215.75,815.00,0.37,
9798,271.50,817.00,0.37,
9799,4.75,0.00,2.00,
9800,245.25,776.00,0.45,
9801,0.75,0.00,2.00,
9802,28.25,2.00,2.00,
9803,269.00,780.00,0.44,
9804,226.25,800.00,0.40,
9805,213.25,850.00,0.30,
9806,216.25,798.00,0.40,
9807,1.00,0.00,2.00,
9808,230.50,833.00,0.33,
9809,246.00,627.00,0.75,
9810,6.00,0.00,2.00,
9811,16.50,1.00,2.00,
9812,3.50,0.00,2.00,
9813,207.75,783.00,0.43,
9814,231.00,824.00,0.35,
9815,279.75,801.00,0.40,
9816,226.50,730.00,0.54,
9817,31.25,2.00,2.00,
9818,286.00,845.00,0.31,
9819,13.25,1.00,2.00,
9820,6.75,0.00,2.00,
9821,4.50,0.00,2.00,
9822,316.00,743.00,0.51,
9823,251.00,809.00,0.38,
9824,213.75,811.00,0.38,
9825,291.25,824.00,0.35,
9826,219.00,798.00,0.40,
9827,336.75,800.00,0.40,
9828,23.50,0.00,2.00,
9829,300.50,856.00,0.29,
9830,1.00,0.00,2.00,
9831,230.25,827.00,0.35,
9832,261.00,751.00,0.50,
9833,12.25,0.00,2.00,
9834,288.75,823.00,0.35,
9835,277.00,792.00,0.42,
9836,1.75,0.00,2.00,
9837,6.25,0.00,2.00,
9838,290.75,848.00,0.30,
9839,248.25,762.00,0.48,
9840,398.00,813.00,0.37,
9841,12.75,2.00,2.00,
9842,292.75,736.00,0.53,
9843,34.25,2.00,2.00,
9844,275.50,809.00,0.38,
9845,261.25,802.00,0.40,
9846,6.00,0.00,2.00,
9847,18.00,1.00,2.00,
9848,2.50,0.00,2.00,
9849,11.50,0.00,2.00,
9850,275.75,809.00,0.38,
9851,2.50,0.00,2.00,
9852,1.00,0.00,2.00,
9853,305.50,822.00,0.36,
9854,0.25,0.00,2.00,
9855,12.00,1.00,2.00,
9856,12.75,2.00,2.00,
9857,33.50,0.00,2.00,
9858,2.00,0.00,2.00,
9859,1.25,0.00,2.00,
9860,4.25,0.00,2.00,
9861,0.75,0.00,2.00,
9862,283.00,791.00,0.42,
9863,12.00,1.00,2.00,
9864,247.00,847.00,0.31,
9865,24.50,4.00,1.99,
9866,3.00,0.00,2.00,
9867,234.75,792.00,0.42,
9868,5.00,0.00,2.00,
9869,3.00,0.00,2.00,
9870,4.25,0.00,2.00,
9871,348.75,786.00,0.43,
9872,249.00,779.00,0.44,
9873,319.75,772.00,0.46,
9874,10.25,0.00,2.00,
9875,3.75,0.00,2.00,
9876,0.25,0.00,2.00,
9877,2.00,0.00,2.00,
9878,252.50,782.00,0.44,
9879,21.00,0.00,2.00,
9880,7.50,0.00,2.00,
9881,2.25,0.00,2.00,
9882,293.50,782.00,0.44,
9883,7.75,0.00,2.00,
9884,268.25,812.00,0.38,
9885,211.50,772.00,0.46,
9886,10.75,1.00,2.00,
9887,188.00,798.00,0.40,
9888,240.00,814.00,0.37,
9889,240.75,799.00,0.40,
9890,259.25,830.00,0.34,
9891,277.50,772.00,0.46,
9892,342.00,813.00,0.37,
9893,266.25,768.00,0.46,
9894,220.75,853.00,0.29,
9895,239.25,808.00,0.38,
9896,4.00,0.00,2.00,
9897,227.25,778.00,0.44,
9898,251.75,786.00,0.43,
9899,240.75,848.00,0.30,
9900,299.50,862.00,0.28,
9901,233.50,785.00,0.43,
9902,5.00,0.00,2.00,
9903,170.00,824.00,0.35,
9904,225.50,783.00,0.43,
9905,223.50,766.00,0.47,
9906,251.25,779.00,0.44,
9907,4.50,0.00,2.00,
9908,286.75,754.00,0.49,
9909,245.00,782.00,0.44,
9910,245.75,830.00,0.34,
9911,238.75,803.00,0.39,
9912,230.25,849.00,0.30,
9913,286.00,836.00,0.33,
9914,32.00,2.00,2.00,
9915,330.75,761.00,0.48,
9916,0.25,0.00,2.00,
9917,27.75,1.00,2.00,
9918,237.25,850.00,0.30,
9919,222.00,762.00,0.48,
9920,3.50,0.00,2.00,
9921,207.75,814.00,0.37,
9922,5.75,1.00,2.00,
9923,233.00,751.00,0.50,
9924,0.25,0.00,2.00,
9925,13.25,2.00,2.00,
9926,25.00,0.00,2.00,
9927,27.50,2.00,2.00,
9928,1.00,0.00,2.00,
9929,1.50,0.00,2.00,
9930,272.25,799.00,0.40,
9931,235.00,741.00,0.52,
9932,290.25,778.00,0.44,
9933,219.25,757.00,0.49,
9934,37.75,4.00,1.99,
9935,281.25,824.00,0.35,
9936,277.50,863.00,0.27,
9937,1.25,0.00,2.00,
9938,0.75,0.00,2.00,
9939,27.75,0.00,2.00,
9940,3.00,0.00,2.00,
9941,238.50,798.00,0.40,
9942,207.00,745.00,0.51,
9943,235.00,808.00,0.38,
9944,242.25,760.00,0.48,
9945,203.25,757.00,0.49,
9946,1.25,0.00,2.00,
9947,11.50,0.00,2.00,
9948,8.25,1.00,2.00,
9949,51.25,8.00,1.98,
9950,249.75,756.00,0.49,
9951,210.00,803.00,0.39,
9952,211.00,861.00,0.28,
9953,37.00,3.00,1.99,
9954,14.75,2.00,2.00,
9955,14.25,4.00,1.99,
9956,233.25,811.00,0.38,
9957,274.25,784.00,0.43,
9958,0.75,0.00,2.00,
9959,198.75,809.00,0.38,
9960,4.25,0.00,2.00,
9961,241.50,793.00,0.41,
9962,210.50,808.00,0.38,
9963,233.50,811.00,0.38,
9964,7.75,0.00,2.00,
9965,256.00,833.00,0.33,
9966,1.25,0.00,2.00,
9967,300.50,830.00,0.34,
9968,222.75,764.00,0.47,
9969,203.75,819.00,0.36,
9970,13.00,0.00,2.00,
9971,9.50,0.00,2.00,
9972,215.50,800.00,0.40,
9973,221.50,822.00,0.36,
9974,202.25,808.00,0.38,
9975,262.75,759.00,0.48,
9976,16.00,2.00,2.00,
9977,7.75,3.00,1.99,
9978,4.25,0.00,2.00,
9979,227.00,766.00,0.47,
9980,16.75,1.00,2.00,
9981,23.25,5.00,1.99,
9982,2.50,0.00,2.00,
9983,13.75,0.00,2.00,
9984,7.75,1.00,2.00,
9985,235.50,829.00,0.34,
9986,10.25,3.00,1.99,
9987,201.50,763.00,0.47,
9988,0.25,0.00,2.00,
9989,12.50,1.00,2.00,
9990,2.25,0.00,2.00,
9991,306.25,769.00,0.46,
9992,255.50,762.00,0.48,
9993,258.00,816.00,0.37,
9994,292.25,773.00,0.45,
9995,248.00,807.00,0.39,
9996,245.50,792.00,0.42,
9997,9.75,1.00,2.00,
9998,10.25,0.00,2.00,
9999,263.75,814.00,0.37,
10000,15.75,1.00,2.00,
